BLE,1676581200692279255,DF:DF:EE:00:00:01,-67
BLE,1676581200879903894,DF:DF:EE:00:00:05,-59
BLE,1676581200976059578,DF:DF:EE:00:00:03,-55
BLE,1676581201006138512,DF:DF:EE:00:00:04,-75
BLE,1676581201190715941,DF:DF:EE:00:00:02,-59
BLE,1676581201470766813,DF:DF:EE:00:00:04,-64
BLE,1676581201687725063,DF:DF:EE:00:00:01,-51
BLE,1676581201723367133,DF:DF:EE:00:00:02,-59
BLE,1676581201889747928,DF:DF:EE:00:00:05,-59
BLE,1676581201971642468,DF:DF:EE:00:00:03,-67
BLE,1676581202008245858,DF:DF:EE:00:00:04,-64
BLE,1676581202473374444,DF:DF:EE:00:00:04,-62
BLE,1676581202687815685,DF:DF:EE:00:00:01,-71
BLE,1676581202901193399,DF:DF:EE:00:00:05,-59
BLE,1676581202968453800,DF:DF:EE:00:00:03,-68
BLE,1676581203009652337,DF:DF:EE:00:00:04,-62
BLE,1676581203472550953,DF:DF:EE:00:00:04,-63
BLE,1676581203686061373,DF:DF:EE:00:00:01,-52
BLE,1676581203729316758,DF:DF:EE:00:00:02,-59
BLE,1676581203915977826,DF:DF:EE:00:00:05,-59
BLE,1676581203971706838,DF:DF:EE:00:00:03,-55
BLE,1676581204008350936,DF:DF:EE:00:00:04,-76
BLE,1676581204186927861,DF:DF:EE:00:00:02,-59
BLE,1676581204724760442,DF:DF:EE:00:00:02,-59
BLE,1676581204922340240,DF:DF:EE:00:00:05,-48
BLE,1676581204968289965,DF:DF:EE:00:00:03,-54
BLE,1676581205012254424,DF:DF:EE:00:00:04,-75
BLE,1676581205191780003,DF:DF:EE:00:00:02,-58
BLE,1676581205470954387,DF:DF:EE:00:00:04,-62
BLE,1676581205731014690,DF:DF:EE:00:00:02,-73
BLE,1676581205931161413,DF:DF:EE:00:00:05,-61
BLE,1676581205972041955,DF:DF:EE:00:00:03,-69
BLE,1676581206008724260,DF:DF:EE:00:00:04,-75
BLE,1676581206194632713,DF:DF:EE:00:00:02,-77
BLE,1676581206470998218,DF:DF:EE:00:00:04,-75
BLE,1676581206725475554,DF:DF:EE:00:00:02,-72
BLE,1676581206943760119,DF:DF:EE:00:00:05,-61
BLE,1676581206975450074,DF:DF:EE:00:00:03,-69
BLE,1676581207013536945,DF:DF:EE:00:00:04,-75
BLE,1676581207188984370,DF:DF:EE:00:00:02,-75
BLE,1676581207472063618,DF:DF:EE:00:00:04,-75
BLE,1676581207688381377,DF:DF:EE:00:00:01,-67
BLE,1676581207726334624,DF:DF:EE:00:00:02,-75
BLE,1676581207973394725,DF:DF:EE:00:00:03,-69
BLE,1676581208013371028,DF:DF:EE:00:00:04,-76
BLE,1676581208189271406,DF:DF:EE:00:00:02,-72
BLE,1676581208474887079,DF:DF:EE:00:00:04,-75
BLE,1676581208687013351,DF:DF:EE:00:00:01,-67
BLE,1676581208969563357,DF:DF:EE:00:00:03,-67
BLE,1676581209013164737,DF:DF:EE:00:00:04,-76
BLE,1676581209466669436,DF:DF:EE:00:00:04,-76
BLE,1676581209729305872,DF:DF:EE:00:00:02,-75
BLE,1676581209974288417,DF:DF:EE:00:00:03,-69
BLE,1676581209977237420,DF:DF:EE:00:00:05,-60
BLE,1676581210014598008,DF:DF:EE:00:00:04,-76
BLE,1676581210192185363,DF:DF:EE:00:00:02,-72
BLE,1676581210471896823,DF:DF:EE:00:00:04,-77
BLE,1676581210690742673,DF:DF:EE:00:00:01,-67
BLE,1676581210732393621,DF:DF:EE:00:00:02,-73
BLE,1676581211013716351,DF:DF:EE:00:00:04,-78
BLE,1676581211191440788,DF:DF:EE:00:00:02,-76
BLE,1676581211476428970,DF:DF:EE:00:00:04,-76
BLE,1676581211689253524,DF:DF:EE:00:00:01,-71
BLE,1676581211969961679,DF:DF:EE:00:00:03,-69
BLE,1676581211998540301,DF:DF:EE:00:00:05,-60
BLE,1676581212008766123,DF:DF:EE:00:00:04,-75
BLE,1676581212475472564,DF:DF:EE:00:00:04,-78
BLE,1676581212691020832,DF:DF:EE:00:00:01,-67
BLE,1676581212733429395,DF:DF:EE:00:00:02,-59
BLE,1676581213012311033,DF:DF:EE:00:00:05,-60
BLE,1676581213015517324,DF:DF:EE:00:00:04,-78
BLE,1676581213194956612,DF:DF:EE:00:00:02,-76
BLE,1676581213468231658,DF:DF:EE:00:00:04,-75
BLE,1676581213687811206,DF:DF:EE:00:00:01,-71
BLE,1676581213730577348,DF:DF:EE:00:00:02,-76
BLE,1676581213972170605,DF:DF:EE:00:00:03,-70
BLE,1676581214010905216,DF:DF:EE:00:00:04,-76
BLE,1676581214021097873,DF:DF:EE:00:00:05,-59
BLE,1676581214468618692,DF:DF:EE:00:00:04,-76
BLE,1676581214692573641,DF:DF:EE:00:00:01,-67
BLE,1676581214729889522,DF:DF:EE:00:00:02,-72
BLE,1676581215008671119,DF:DF:EE:00:00:04,-76
BLE,1676581215037462279,DF:DF:EE:00:00:05,-61
BLE,1676581215188102866,DF:DF:EE:00:00:02,-73
BLE,1676581215473019257,DF:DF:EE:00:00:04,-75
BLE,1676581215686951380,DF:DF:EE:00:00:01,-67
BLE,1676581215688375570,DF:DF:EE:00:00:01,-71
BLE,1676581215729874645,DF:DF:EE:00:00:02,-72
BLE,1676581215966243929,DF:DF:EE:00:00:03,-69
BLE,1676581216046145245,DF:DF:EE:00:00:05,-59
BLE,1676581216471295111,DF:DF:EE:00:00:04,-75
BLE,1676581216691585734,DF:DF:EE:00:00:01,-67
BLE,1676581216728680784,DF:DF:EE:00:00:02,-76
BLE,1676581216968824060,DF:DF:EE:00:00:03,-69
BLE,1676581217005889735,DF:DF:EE:00:00:04,-75
BLE,1676581217054956793,DF:DF:EE:00:00:05,-59
BLE,1676581217188663188,DF:DF:EE:00:00:02,-73
BLE,1676581217687756491,DF:DF:EE:00:00:01,-67
BLE,1676581217730747713,DF:DF:EE:00:00:02,-73
BLE,1676581217972181013,DF:DF:EE:00:00:03,-69
BLE,1676581218007348589,DF:DF:EE:00:00:04,-77
BLE,1676581218062431776,DF:DF:EE:00:00:05,-62
BLE,1676581218186273885,DF:DF:EE:00:00:02,-77
BLE,1676581218468716975,DF:DF:EE:00:00:04,-75
BLE,1676581218971199867,DF:DF:EE:00:00:03,-54
BLE,1676581219006381069,DF:DF:EE:00:00:04,-76
BLE,1676581219076295978,DF:DF:EE:00:00:05,-61
BLE,1676581219186467981,DF:DF:EE:00:00:02,-59
BLE,1676581219687651319,DF:DF:EE:00:00:01,-52
BLE,1676581219723885716,DF:DF:EE:00:00:02,-59
BLE,1676581219968892521,DF:DF:EE:00:00:03,-70
BLE,1676581220091190156,DF:DF:EE:00:00:05,-45
BLE,1676581220466586238,DF:DF:EE:00:00:04,-62
BLE,1676581220734223203,DF:DF:EE:00:00:02,-77
BLE,1676581220970005797,DF:DF:EE:00:00:03,-70
BLE,1676581221010227891,DF:DF:EE:00:00:04,-76
BLE,1676581221098621931,DF:DF:EE:00:00:05,-61
BLE,1676581221187282760,DF:DF:EE:00:00:02,-73
BLE,1676581221466973899,DF:DF:EE:00:00:04,-76
BLE,1676581221686728829,DF:DF:EE:00:00:01,-67
BLE,1676581221973251794,DF:DF:EE:00:00:03,-69
BLE,1676581222013697927,DF:DF:EE:00:00:04,-78
BLE,1676581222116141032,DF:DF:EE:00:00:05,-59
BLE,1676581222188928404,DF:DF:EE:00:00:02,-73
BLE,1676581222470341145,DF:DF:EE:00:00:04,-62
BLE,1676581222688563679,DF:DF:EE:00:00:01,-70
BLE,1676581222734129494,DF:DF:EE:00:00:02,-77
BLE,1676581222967392662,DF:DF:EE:00:00:03,-70
BLE,1676581223013520386,DF:DF:EE:00:00:04,-75
BLE,1676581223132076570,DF:DF:EE:00:00:05,-59
BLE,1676581223192640729,DF:DF:EE:00:00:02,-73
BLE,1676581223476852724,DF:DF:EE:00:00:04,-78
BLE,1676581223685285263,DF:DF:EE:00:00:01,-67
BLE,1676581223973927950,DF:DF:EE:00:00:03,-69
BLE,1676581224016127517,DF:DF:EE:00:00:04,-78
BLE,1676581224148672558,DF:DF:EE:00:00:05,-60
BLE,1676581224193624298,DF:DF:EE:00:00:02,-75
BLE,1676581224474995373,DF:DF:EE:00:00:04,-76
BLE,1676581224688598343,DF:DF:EE:00:00:01,-71
BLE,1676581224730666995,DF:DF:EE:00:00:02,-73
BLE,1676581225012786727,DF:DF:EE:00:00:04,-75
BLE,1676581225158602884,DF:DF:EE:00:00:05,-59
BLE,1676581225191320827,DF:DF:EE:00:00:02,-73
BLE,1676581225468753412,DF:DF:EE:00:00:04,-76
BLE,1676581225688278554,DF:DF:EE:00:00:01,-67
BLE,1676581225732112517,DF:DF:EE:00:00:02,-73
BLE,1676581225975408470,DF:DF:EE:00:00:03,-70
BLE,1676581226010161094,DF:DF:EE:00:00:04,-76
BLE,1676581226168864539,DF:DF:EE:00:00:05,-59
BLE,1676581226185096616,DF:DF:EE:00:00:02,-72
BLE,1676581226473945467,DF:DF:EE:00:00:04,-75
BLE,1676581226687187984,DF:DF:EE:00:00:01,-67
BLE,1676581226733670745,DF:DF:EE:00:00:02,-73
BLE,1676581226969561921,DF:DF:EE:00:00:03,-68
BLE,1676581227182449442,DF:DF:EE:00:00:05,-59
BLE,1676581227472979687,DF:DF:EE:00:00:04,-75
BLE,1676581227686432743,DF:DF:EE:00:00:01,-68
BLE,1676581227730265289,DF:DF:EE:00:00:02,-76
BLE,1676581227969046676,DF:DF:EE:00:00:03,-68
BLE,1676581228014007582,DF:DF:EE:00:00:04,-75
BLE,1676581228187133004,DF:DF:EE:00:00:02,-73
BLE,1676581228188586485,DF:DF:EE:00:00:05,-61
BLE,1676581228692129708,DF:DF:EE:00:00:01,-68
BLE,1676581228974615102,DF:DF:EE:00:00:03,-70
BLE,1676581229010142216,DF:DF:EE:00:00:04,-78
BLE,1676581229192234394,DF:DF:EE:00:00:02,-76
BLE,1676581229197433075,DF:DF:EE:00:00:05,-61
BLE,1676581229469269192,DF:DF:EE:00:00:04,-76
BLE,1676581229724001327,DF:DF:EE:00:00:02,-73
BLE,1676581229976810738,DF:DF:EE:00:00:03,-69
BLE,1676581230011770318,DF:DF:EE:00:00:04,-75
BLE,1676581230208692008,DF:DF:EE:00:00:05,-61
BLE,1676581230472674938,DF:DF:EE:00:00:04,-79
BLE,1676581230694034431,DF:DF:EE:00:00:01,-67
BLE,1676581230727765277,DF:DF:EE:00:00:02,-73
BLE,1676581231008516901,DF:DF:EE:00:00:04,-76
BLE,1676581231185909683,DF:DF:EE:00:00:02,-72
BLE,1676581231468795071,DF:DF:EE:00:00:04,-62
BLE,1676581231692039497,DF:DF:EE:00:00:01,-70
BLE,1676581231734032901,DF:DF:EE:00:00:02,-76
BLE,1676581231969139670,DF:DF:EE:00:00:03,-69
BLE,1676581232010911369,DF:DF:EE:00:00:04,-76
BLE,1676581232231083085,DF:DF:EE:00:00:05,-60
BLE,1676581232477662036,DF:DF:EE:00:00:04,-78
BLE,1676581232693927763,DF:DF:EE:00:00:01,-52
BLE,1676581232732715501,DF:DF:EE:00:00:02,-73
BLE,1676581232971174267,DF:DF:EE:00:00:03,-69
BLE,1676581233005893975,DF:DF:EE:00:00:04,-62
BLE,1676581233192067433,DF:DF:EE:00:00:02,-73
BLE,1676581233193477206,DF:DF:EE:00:00:02,-76
BLE,1676581233239929092,DF:DF:EE:00:00:05,-60
BLE,1676581233691454086,DF:DF:EE:00:00:01,-53
BLE,1676581233734922137,DF:DF:EE:00:00:02,-76
BLE,1676581233974197851,DF:DF:EE:00:00:03,-54
BLE,1676581234190961279,DF:DF:EE:00:00:02,-59
BLE,1676581234252434009,DF:DF:EE:00:00:05,-46
BLE,1676581234472324688,DF:DF:EE:00:00:04,-62
BLE,1676581234694341380,DF:DF:EE:00:00:01,-68
BLE,1676581234729546207,DF:DF:EE:00:00:02,-62
BLE,1676581234971843381,DF:DF:EE:00:00:03,-55
BLE,1676581235191572729,DF:DF:EE:00:00:02,-73
BLE,1676581235470024925,DF:DF:EE:00:00:04,-77
BLE,1676581235694094341,DF:DF:EE:00:00:01,-71
BLE,1676581235727199903,DF:DF:EE:00:00:02,-72
BLE,1676581236187968192,DF:DF:EE:00:00:02,-61
BLE,1676581236269943442,DF:DF:EE:00:00:05,-59
BLE,1676581236469640429,DF:DF:EE:00:00:04,-76
BLE,1676581236727786436,DF:DF:EE:00:00:02,-75
BLE,1676581236977321265,DF:DF:EE:00:00:03,-71
BLE,1676581237007469158,DF:DF:EE:00:00:04,-76
BLE,1676581237186479294,DF:DF:EE:00:00:02,-73
BLE,1676581237466732133,DF:DF:EE:00:00:04,-76
BLE,1676581237687862004,DF:DF:EE:00:00:01,-67
BLE,1676581237726590076,DF:DF:EE:00:00:02,-72
BLE,1676581237969282370,DF:DF:EE:00:00:03,-70
BLE,1676581238010662157,DF:DF:EE:00:00:04,-78
BLE,1676581238193885403,DF:DF:EE:00:00:02,-76
BLE,1676581238289855843,DF:DF:EE:00:00:05,-61
BLE,1676581238475986635,DF:DF:EE:00:00:04,-62
BLE,1676581238691759868,DF:DF:EE:00:00:01,-68
BLE,1676581238726504326,DF:DF:EE:00:00:02,-58
BLE,1676581238973531937,DF:DF:EE:00:00:03,-54
BLE,1676581239008259229,DF:DF:EE:00:00:04,-75
BLE,1676581239188126394,DF:DF:EE:00:00:02,-58
BLE,1676581239303486162,DF:DF:EE:00:00:05,-61
BLE,1676581239474047493,DF:DF:EE:00:00:04,-64
BLE,1676581239690327594,DF:DF:EE:00:00:01,-52
BLE,1676581240014025526,DF:DF:EE:00:00:04,-80
BLE,1676581240191536473,DF:DF:EE:00:00:02,-62
BLE,1676581240314866469,DF:DF:EE:00:00:05,-48
BLE,1676581240686567642,DF:DF:EE:00:00:01,-54
BLE,1676581240734047932,DF:DF:EE:00:00:02,-76
BLE,1676581240971084467,DF:DF:EE:00:00:03,-69
BLE,1676581241010310991,DF:DF:EE:00:00:04,-75
BLE,1676581241186389623,DF:DF:EE:00:00:02,-76
BLE,1676581241327305345,DF:DF:EE:00:00:05,-61
BLE,1676581241470921865,DF:DF:EE:00:00:04,-76
BLE,1676581241692941890,DF:DF:EE:00:00:01,-67
BLE,1676581241726159868,DF:DF:EE:00:00:02,-76
BLE,1676581242007814106,DF:DF:EE:00:00:04,-76
BLE,1676581242194774803,DF:DF:EE:00:00:02,-75
BLE,1676581242344854446,DF:DF:EE:00:00:05,-59
BLE,1676581242468879182,DF:DF:EE:00:00:04,-78
BLE,1676581242690054511,DF:DF:EE:00:00:01,-70
BLE,1676581242733707976,DF:DF:EE:00:00:02,-62
BLE,1676581242967003644,DF:DF:EE:00:00:03,-69
BLE,1676581243006472831,DF:DF:EE:00:00:04,-77
BLE,1676581243351117153,DF:DF:EE:00:00:05,-48
BLE,1676581243471859808,DF:DF:EE:00:00:04,-75
BLE,1676581244004204610,DF:DF:EE:00:00:04,-75
BLE,1676581244194241808,DF:DF:EE:00:00:02,-72
BLE,1676581244368595171,DF:DF:EE:00:00:05,-59
BLE,1676581244687065090,DF:DF:EE:00:00:01,-67
BLE,1676581244729468863,DF:DF:EE:00:00:02,-73
BLE,1676581245374902420,DF:DF:EE:00:00:05,-61
BLE,1676581245466471502,DF:DF:EE:00:00:04,-75
BLE,1676581245690573834,DF:DF:EE:00:00:01,-68
BLE,1676581245731824914,DF:DF:EE:00:00:02,-75
BLE,1676581245971765369,DF:DF:EE:00:00:03,-69
BLE,1676581246006120207,DF:DF:EE:00:00:04,-75
BLE,1676581246191792421,DF:DF:EE:00:00:02,-72
BLE,1676581246384928328,DF:DF:EE:00:00:05,-61
BLE,1676581246473177621,DF:DF:EE:00:00:04,-78
BLE,1676581246688751232,DF:DF:EE:00:00:01,-67
BLE,1676581246732968147,DF:DF:EE:00:00:02,-72
BLE,1676581246973630385,DF:DF:EE:00:00:03,-69
BLE,1676581247008616590,DF:DF:EE:00:00:04,-77
BLE,1676581247187444936,DF:DF:EE:00:00:02,-73
BLE,1676581247396070097,DF:DF:EE:00:00:05,-60
BLE,1676581247468665554,DF:DF:EE:00:00:04,-75
BLE,1676581247689210016,DF:DF:EE:00:00:01,-69
BLE,1676581247733615471,DF:DF:EE:00:00:02,-76
BLE,1676581248014253639,DF:DF:EE:00:00:04,-76
BLE,1676581248186782068,DF:DF:EE:00:00:02,-60
BLE,1676581248475037969,DF:DF:EE:00:00:04,-64
BLE,1676581248684053208,DF:DF:EE:00:00:01,-52
BLE,1676581248968344078,DF:DF:EE:00:00:03,-55
BLE,1676581249005421921,DF:DF:EE:00:00:04,-62
BLE,1676581249185769164,DF:DF:EE:00:00:02,-58
BLE,1676581249417364521,DF:DF:EE:00:00:05,-61
BLE,1676581249471214727,DF:DF:EE:00:00:04,-62
BLE,1676581249692384138,DF:DF:EE:00:00:01,-70
BLE,1676581249724562505,DF:DF:EE:00:00:02,-59
BLE,1676581249967972581,DF:DF:EE:00:00:03,-54
BLE,1676581250186836065,DF:DF:EE:00:00:02,-62
BLE,1676581250432182491,DF:DF:EE:00:00:05,-61
BLE,1676581250471058227,DF:DF:EE:00:00:04,-62
BLE,1676581250691806020,DF:DF:EE:00:00:01,-68
BLE,1676581250726877848,DF:DF:EE:00:00:02,-75
BLE,1676581250968814736,DF:DF:EE:00:00:03,-69
BLE,1676581251010528226,DF:DF:EE:00:00:04,-75
BLE,1676581251184371638,DF:DF:EE:00:00:02,-72
BLE,1676581251444666533,DF:DF:EE:00:00:05,-60
BLE,1676581251473177615,DF:DF:EE:00:00:04,-76
BLE,1676581251693862950,DF:DF:EE:00:00:01,-71
BLE,1676581251733683424,DF:DF:EE:00:00:02,-76
BLE,1676581252009123035,DF:DF:EE:00:00:04,-79
BLE,1676581252457458821,DF:DF:EE:00:00:05,-61
BLE,1676581252473654524,DF:DF:EE:00:00:04,-76
BLE,1676581252726340311,DF:DF:EE:00:00:02,-76
BLE,1676581252972920304,DF:DF:EE:00:00:03,-71
BLE,1676581253013063482,DF:DF:EE:00:00:04,-76
BLE,1676581253190518513,DF:DF:EE:00:00:02,-72
BLE,1676581253462194174,DF:DF:EE:00:00:05,-58
BLE,1676581253469258539,DF:DF:EE:00:00:04,-79
BLE,1676581253689064886,DF:DF:EE:00:00:01,-67
BLE,1676581253729176898,DF:DF:EE:00:00:02,-73
BLE,1676581253971863317,DF:DF:EE:00:00:03,-69
BLE,1676581254008805204,DF:DF:EE:00:00:04,-78
BLE,1676581254184718714,DF:DF:EE:00:00:02,-72
BLE,1676581254469105707,DF:DF:EE:00:00:04,-75
BLE,1676581254474685175,DF:DF:EE:00:00:05,-59
BLE,1676581254730353881,DF:DF:EE:00:00:02,-75
BLE,1676581254964494080,DF:DF:EE:00:00:03,-70
BLE,1676581255006516441,DF:DF:EE:00:00:04,-76
BLE,1676581255194225253,DF:DF:EE:00:00:02,-73
BLE,1676581255474357136,DF:DF:EE:00:00:04,-78
BLE,1676581255492166568,DF:DF:EE:00:00:05,-60
BLE,1676581255686944161,DF:DF:EE:00:00:01,-67
BLE,1676581255726906467,DF:DF:EE:00:00:02,-72
BLE,1676581256014508960,DF:DF:EE:00:00:04,-78
BLE,1676581256193841007,DF:DF:EE:00:00:02,-76
BLE,1676581256466793568,DF:DF:EE:00:00:04,-75
BLE,1676581256505923427,DF:DF:EE:00:00:05,-61
BLE,1676581256732856804,DF:DF:EE:00:00:02,-77
BLE,1676581256971444652,DF:DF:EE:00:00:03,-54
BLE,1676581257014626457,DF:DF:EE:00:00:04,-76
BLE,1676581257468791041,DF:DF:EE:00:00:04,-75
BLE,1676581257520960310,DF:DF:EE:00:00:05,-60
BLE,1676581257692955830,DF:DF:EE:00:00:01,-67
BLE,1676581257728232864,DF:DF:EE:00:00:02,-72
BLE,1676581257967093167,DF:DF:EE:00:00:03,-69
BLE,1676581258006916433,DF:DF:EE:00:00:04,-76
BLE,1676581258185714446,DF:DF:EE:00:00:02,-73
BLE,1676581258533416936,DF:DF:EE:00:00:05,-60
BLE,1676581258724083459,DF:DF:EE:00:00:02,-72
BLE,1676581259186122897,DF:DF:EE:00:00:02,-75
BLE,1676581259468903912,DF:DF:EE:00:00:04,-75
BLE,1676581259547243877,DF:DF:EE:00:00:05,-60
BLE,1676581259688141599,DF:DF:EE:00:00:01,-67
BLE,1676581259725359691,DF:DF:EE:00:00:02,-75
BLE,1676581259968842225,DF:DF:EE:00:00:03,-70
BLE,1676581260006759182,DF:DF:EE:00:00:04,-76
BLE,1676581260190766460,DF:DF:EE:00:00:02,-73
BLE,1676581260473807679,DF:DF:EE:00:00:04,-75
BLE,1676581260559782377,DF:DF:EE:00:00:05,-61
BLE,1676581260685173637,DF:DF:EE:00:00:01,-67
BLE,1676581260734502777,DF:DF:EE:00:00:02,-77
BLE,1676581260969848710,DF:DF:EE:00:00:03,-69
BLE,1676581261009187149,DF:DF:EE:00:00:04,-77
BLE,1676581261190061343,DF:DF:EE:00:00:02,-76
BLE,1676581261467416804,DF:DF:EE:00:00:04,-75
BLE,1676581261690853520,DF:DF:EE:00:00:01,-67
BLE,1676581261729797005,DF:DF:EE:00:00:02,-75
BLE,1676581261968130690,DF:DF:EE:00:00:03,-70
BLE,1676581262004364962,DF:DF:EE:00:00:04,-75
BLE,1676581262191374075,DF:DF:EE:00:00:02,-72
BLE,1676581262726957541,DF:DF:EE:00:00:02,-73
BLE,1676581263188295114,DF:DF:EE:00:00:02,-76
BLE,1676581263465135582,DF:DF:EE:00:00:04,-74
BLE,1676581263594653955,DF:DF:EE:00:00:05,-61
BLE,1676581263687218024,DF:DF:EE:00:00:01,-70
BLE,1676581263726370090,DF:DF:EE:00:00:02,-60
BLE,1676581263975073596,DF:DF:EE:00:00:03,-70
BLE,1676581264003825008,DF:DF:EE:00:00:04,-75
BLE,1676581264184688952,DF:DF:EE:00:00:02,-74
BLE,1676581264467757046,DF:DF:EE:00:00:04,-76
BLE,1676581264602158521,DF:DF:EE:00:00:05,-59
BLE,1676581264689247829,DF:DF:EE:00:00:01,-67
BLE,1676581264729490714,DF:DF:EE:00:00:02,-74
BLE,1676581265005434902,DF:DF:EE:00:00:04,-75
BLE,1676581265193126173,DF:DF:EE:00:00:02,-75
BLE,1676581265471892866,DF:DF:EE:00:00:04,-75
BLE,1676581265617117447,DF:DF:EE:00:00:05,-61
BLE,1676581265692677157,DF:DF:EE:00:00:01,-68
BLE,1676581265730693989,DF:DF:EE:00:00:02,-76
BLE,1676581265965905007,DF:DF:EE:00:00:03,-68
BLE,1676581266006931423,DF:DF:EE:00:00:04,-75
BLE,1676581266190790661,DF:DF:EE:00:00:02,-74
BLE,1676581266475726439,DF:DF:EE:00:00:04,-77
BLE,1676581266625854039,DF:DF:EE:00:00:05,-59
BLE,1676581266686358240,DF:DF:EE:00:00:01,-67
BLE,1676581266726516334,DF:DF:EE:00:00:02,-72
BLE,1676581266969304960,DF:DF:EE:00:00:03,-70
BLE,1676581267184979445,DF:DF:EE:00:00:02,-72
BLE,1676581267470918543,DF:DF:EE:00:00:04,-74
BLE,1676581267637097806,DF:DF:EE:00:00:05,-59
BLE,1676581267692194453,DF:DF:EE:00:00:01,-70
BLE,1676581267965784339,DF:DF:EE:00:00:03,-69
BLE,1676581268011988729,DF:DF:EE:00:00:04,-75
BLE,1676581268189166763,DF:DF:EE:00:00:02,-74
BLE,1676581268472604978,DF:DF:EE:00:00:04,-76
BLE,1676581268649589348,DF:DF:EE:00:00:05,-59
BLE,1676581268687202685,DF:DF:EE:00:00:01,-67
BLE,1676581268724514108,DF:DF:EE:00:00:02,-75
BLE,1676581268971268099,DF:DF:EE:00:00:03,-69
BLE,1676581269009712633,DF:DF:EE:00:00:04,-76
BLE,1676581269194051573,DF:DF:EE:00:00:02,-76
BLE,1676581269655871514,DF:DF:EE:00:00:05,-61
BLE,1676581269728981006,DF:DF:EE:00:00:02,-73
BLE,1676581270191754352,DF:DF:EE:00:00:02,-72
BLE,1676581270672026633,DF:DF:EE:00:00:05,-59
BLE,1676581270728236307,DF:DF:EE:00:00:02,-76
BLE,1676581270966157747,DF:DF:EE:00:00:03,-69
BLE,1676581271004161329,DF:DF:EE:00:00:04,-75
BLE,1676581271185886720,DF:DF:EE:00:00:02,-72
BLE,1676581271466870841,DF:DF:EE:00:00:04,-78
BLE,1676581271679574115,DF:DF:EE:00:00:05,-62
BLE,1676581271694630375,DF:DF:EE:00:00:01,-70
BLE,1676581271732446083,DF:DF:EE:00:00:02,-73
BLE,1676581271970874184,DF:DF:EE:00:00:03,-68
BLE,1676581272190004581,DF:DF:EE:00:00:02,-76
BLE,1676581272466560303,DF:DF:EE:00:00:04,-76
BLE,1676581272690665467,DF:DF:EE:00:00:01,-68
BLE,1676581272967822098,DF:DF:EE:00:00:03,-70
BLE,1676581273008234689,DF:DF:EE:00:00:04,-75
BLE,1676581273184613693,DF:DF:EE:00:00:02,-72
BLE,1676581273465285818,DF:DF:EE:00:00:04,-75
BLE,1676581273684651796,DF:DF:EE:00:00:01,-67
BLE,1676581273702069191,DF:DF:EE:00:00:05,-61
BLE,1676581274004597236,DF:DF:EE:00:00:04,-76
BLE,1676581274689370357,DF:DF:EE:00:00:01,-54
BLE,1676581274717093408,DF:DF:EE:00:00:05,-61
BLE,1676581274726557908,DF:DF:EE:00:00:02,-72
BLE,1676581274967230520,DF:DF:EE:00:00:03,-67
BLE,1676581275011840223,DF:DF:EE:00:00:04,-75
BLE,1676581275190601903,DF:DF:EE:00:00:02,-73
BLE,1676581275694440414,DF:DF:EE:00:00:01,-68
BLE,1676581275734775381,DF:DF:EE:00:00:05,-59
BLE,1676581275967350851,DF:DF:EE:00:00:03,-70
BLE,1676581276007097867,DF:DF:EE:00:00:04,-76
BLE,1676581276193487364,DF:DF:EE:00:00:02,-75
BLE,1676581276470041960,DF:DF:EE:00:00:04,-74
BLE,1676581276689274148,DF:DF:EE:00:00:01,-70
BLE,1676581276732068999,DF:DF:EE:00:00:02,-61
BLE,1676581276744640208,DF:DF:EE:00:00:05,-61
BLE,1676581276968589791,DF:DF:EE:00:00:03,-68
BLE,1676581277007869898,DF:DF:EE:00:00:04,-77
BLE,1676581277469603215,DF:DF:EE:00:00:04,-76
BLE,1676581277685776860,DF:DF:EE:00:00:01,-67
BLE,1676581277727655431,DF:DF:EE:00:00:02,-75
BLE,1676581277757161583,DF:DF:EE:00:00:05,-47
BLE,1676581278008845800,DF:DF:EE:00:00:04,-76
BLE,1676581278184679061,DF:DF:EE:00:00:02,-72
BLE,1676581278466005678,DF:DF:EE:00:00:04,-77
BLE,1676581278689737306,DF:DF:EE:00:00:01,-70
BLE,1676581278734307509,DF:DF:EE:00:00:02,-77
BLE,1676581278768441100,DF:DF:EE:00:00:05,-61
BLE,1676581278966744397,DF:DF:EE:00:00:03,-68
BLE,1676581279009313584,DF:DF:EE:00:00:04,-78
BLE,1676581279463909246,DF:DF:EE:00:00:04,-74
BLE,1676581279688255866,DF:DF:EE:00:00:01,-68
BLE,1676581279784674301,DF:DF:EE:00:00:05,-59
BLE,1676581279975549029,DF:DF:EE:00:00:03,-70
BLE,1676581280012413209,DF:DF:EE:00:00:04,-62
BLE,1676581280184673184,DF:DF:EE:00:00:02,-73
BLE,1676581280465171562,DF:DF:EE:00:00:04,-76
BLE,1676581280687203462,DF:DF:EE:00:00:01,-67
BLE,1676581280726067240,DF:DF:EE:00:00:02,-72
BLE,1676581280797190259,DF:DF:EE:00:00:05,-59
BLE,1676581281184307687,DF:DF:EE:00:00:02,-72
BLE,1676581281465384641,DF:DF:EE:00:00:04,-74
BLE,1676581281690504459,DF:DF:EE:00:00:01,-68
BLE,1676581281803460425,DF:DF:EE:00:00:05,-62
BLE,1676581281969227402,DF:DF:EE:00:00:03,-69
BLE,1676581282184643390,DF:DF:EE:00:00:02,-73
BLE,1676581282469764707,DF:DF:EE:00:00:04,-78
BLE,1676581282691145699,DF:DF:EE:00:00:01,-67
BLE,1676581282732499653,DF:DF:EE:00:00:02,-72
BLE,1676581282818407560,DF:DF:EE:00:00:05,-62
BLE,1676581282967658213,DF:DF:EE:00:00:03,-69
BLE,1676581283194782713,DF:DF:EE:00:00:02,-76
BLE,1676581283468580680,DF:DF:EE:00:00:04,-75
BLE,1676581283688793854,DF:DF:EE:00:00:01,-70
BLE,1676581283730192307,DF:DF:EE:00:00:02,-75
BLE,1676581283829682452,DF:DF:EE:00:00:05,-61
BLE,1676581283970952794,DF:DF:EE:00:00:03,-69
BLE,1676581284190434145,DF:DF:EE:00:00:02,-73
BLE,1676581284474371727,DF:DF:EE:00:00:04,-78
BLE,1676581284689868464,DF:DF:EE:00:00:01,-67
BLE,1676581284843435519,DF:DF:EE:00:00:05,-61
BLE,1676581284968586282,DF:DF:EE:00:00:03,-70
BLE,1676581285006836569,DF:DF:EE:00:00:04,-76
BLE,1676581285191821583,DF:DF:EE:00:00:02,-76
BLE,1676581285466754660,DF:DF:EE:00:00:04,-78
BLE,1676581285687424120,DF:DF:EE:00:00:01,-70
BLE,1676581285725645448,DF:DF:EE:00:00:02,-72
BLE,1676581285852171235,DF:DF:EE:00:00:05,-61
BLE,1676581285973191928,DF:DF:EE:00:00:03,-54
BLE,1676581286005244297,DF:DF:EE:00:00:04,-62
BLE,1676581286187866926,DF:DF:EE:00:00:02,-76
BLE,1676581286464019403,DF:DF:EE:00:00:04,-61
BLE,1676581286688643769,DF:DF:EE:00:00:01,-67
BLE,1676581286727734670,DF:DF:EE:00:00:02,-76
BLE,1676581286867429908,DF:DF:EE:00:00:05,-62
BLE,1676581286971848820,DF:DF:EE:00:00:03,-70
BLE,1676581287007301060,DF:DF:EE:00:00:04,-75
BLE,1676581287188548791,DF:DF:EE:00:00:02,-73
BLE,1676581287469470413,DF:DF:EE:00:00:04,-78
BLE,1676581287691133902,DF:DF:EE:00:00:01,-53
BLE,1676581287728954486,DF:DF:EE:00:00:02,-72
BLE,1676581288190513597,DF:DF:EE:00:00:02,-76
BLE,1676581288469525036,DF:DF:EE:00:00:04,-76
BLE,1676581288724463627,DF:DF:EE:00:00:02,-76
BLE,1676581288965280029,DF:DF:EE:00:00:03,-69
BLE,1676581289004764966,DF:DF:EE:00:00:04,-75
BLE,1676581289191219253,DF:DF:EE:00:00:02,-73
BLE,1676581289732159733,DF:DF:EE:00:00:02,-73
BLE,1676581289898472661,DF:DF:EE:00:00:05,-60
BLE,1676581289967544040,DF:DF:EE:00:00:03,-70
BLE,1676581290008692330,DF:DF:EE:00:00:04,-77
BLE,1676581290468103053,DF:DF:EE:00:00:04,-76
BLE,1676581290685809344,DF:DF:EE:00:00:01,-70
BLE,1676581290732896972,DF:DF:EE:00:00:02,-76
BLE,1676581290975294186,DF:DF:EE:00:00:03,-70
BLE,1676581291008813827,DF:DF:EE:00:00:04,-75
BLE,1676581291187451301,DF:DF:EE:00:00:02,-74
BLE,1676581291470274190,DF:DF:EE:00:00:04,-77
BLE,1676581291683974117,DF:DF:EE:00:00:01,-68
BLE,1676581291726972132,DF:DF:EE:00:00:02,-73
BLE,1676581291968407151,DF:DF:EE:00:00:03,-69
BLE,1676581292010399888,DF:DF:EE:00:00:04,-79
BLE,1676581292186381939,DF:DF:EE:00:00:02,-73
BLE,1676581292467865470,DF:DF:EE:00:00:04,-74
BLE,1676581292688205101,DF:DF:EE:00:00:01,-70
BLE,1676581292934811511,DF:DF:EE:00:00:05,-60
BLE,1676581292965713102,DF:DF:EE:00:00:03,-67
BLE,1676581293010036809,DF:DF:EE:00:00:04,-75
BLE,1676581293191546411,DF:DF:EE:00:00:02,-73
BLE,1676581293465433918,DF:DF:EE:00:00:04,-75
BLE,1676581293689929952,DF:DF:EE:00:00:01,-67
BLE,1676581293944711795,DF:DF:EE:00:00:05,-60
BLE,1676581293967303330,DF:DF:EE:00:00:03,-69
BLE,1676581294006367481,DF:DF:EE:00:00:04,-76
BLE,1676581294187530504,DF:DF:EE:00:00:02,-72
BLE,1676581294688638510,DF:DF:EE:00:00:01,-70
BLE,1676581294728702606,DF:DF:EE:00:00:02,-73
BLE,1676581294953553927,DF:DF:EE:00:00:05,-59
BLE,1676581294966132136,DF:DF:EE:00:00:03,-69
BLE,1676581295006690684,DF:DF:EE:00:00:04,-77
BLE,1676581295186651307,DF:DF:EE:00:00:02,-75
BLE,1676581295463941394,DF:DF:EE:00:00:04,-74
BLE,1676581295726911253,DF:DF:EE:00:00:02,-76
BLE,1676581295962248853,DF:DF:EE:00:00:05,-59
BLE,1676581295966920291,DF:DF:EE:00:00:03,-69
BLE,1676581296010068555,DF:DF:EE:00:00:04,-76
BLE,1676581296189541351,DF:DF:EE:00:00:02,-58
BLE,1676581296469448153,DF:DF:EE:00:00:04,-77
BLE,1676581296691340180,DF:DF:EE:00:00:01,-70
BLE,1676581296732075226,DF:DF:EE:00:00:02,-72
BLE,1676581296967223036,DF:DF:EE:00:00:05,-61
BLE,1676581296970741406,DF:DF:EE:00:00:03,-66
BLE,1676581297007234049,DF:DF:EE:00:00:04,-77
BLE,1676581297186197894,DF:DF:EE:00:00:02,-75
BLE,1676581297466076530,DF:DF:EE:00:00:04,-75
BLE,1676581297687597562,DF:DF:EE:00:00:01,-68
BLE,1676581297729485384,DF:DF:EE:00:00:02,-61
BLE,1676581297965851178,DF:DF:EE:00:00:03,-69
BLE,1676581297992019749,DF:DF:EE:00:00:05,-59
BLE,1676581298003668803,DF:DF:EE:00:00:04,-74
BLE,1676581298183943172,DF:DF:EE:00:00:02,-73
BLE,1676581298464144096,DF:DF:EE:00:00:04,-76
BLE,1676581298693229153,DF:DF:EE:00:00:01,-70
BLE,1676581298732459968,DF:DF:EE:00:00:02,-72
BLE,1676581298971389104,DF:DF:EE:00:00:03,-69
BLE,1676581298985887287,DF:DF:EE:00:00:05,-60
BLE,1676581299005044909,DF:DF:EE:00:00:04,-76
BLE,1676581299191751609,DF:DF:EE:00:00:02,-76
BLE,1676581299690226317,DF:DF:EE:00:00:01,-68
BLE,1676581299724498614,DF:DF:EE:00:00:02,-72
BLE,1676581299971005941,DF:DF:EE:00:00:03,-70
BLE,1676581300000909171,DF:DF:EE:00:00:05,-60
BLE,1676581300006674595,DF:DF:EE:00:00:04,-75
BLE,1676581300193999245,DF:DF:EE:00:00:02,-73
BLE,1676581300467711921,DF:DF:EE:00:00:04,-75
BLE,1676581300682981578,DF:DF:EE:00:00:01,-67
BLE,1676581301009337850,DF:DF:EE:00:00:04,-77
BLE,1676581301013385422,DF:DF:EE:00:00:05,-60
BLE,1676581301190846577,DF:DF:EE:00:00:02,-75
BLE,1676581301468383870,DF:DF:EE:00:00:04,-76
BLE,1676581301725104895,DF:DF:EE:00:00:02,-72
BLE,1676581301970680568,DF:DF:EE:00:00:03,-69
BLE,1676581302004569037,DF:DF:EE:00:00:04,-78
BLE,1676581302024589731,DF:DF:EE:00:00:05,-60
BLE,1676581302473372678,DF:DF:EE:00:00:04,-78
BLE,1676581302730065662,DF:DF:EE:00:00:02,-72
BLE,1676581303008882270,DF:DF:EE:00:00:04,-75
BLE,1676581303032077756,DF:DF:EE:00:00:05,-59
BLE,1676581303188988641,DF:DF:EE:00:00:02,-73
BLE,1676581303689348740,DF:DF:EE:00:00:01,-70
BLE,1676581303724999269,DF:DF:EE:00:00:02,-73
BLE,1676581303966397289,DF:DF:EE:00:00:03,-68
BLE,1676581304044600631,DF:DF:EE:00:00:05,-59
BLE,1676581304191730771,DF:DF:EE:00:00:02,-59
BLE,1676581304469927887,DF:DF:EE:00:00:04,-62
BLE,1676581304687531388,DF:DF:EE:00:00:01,-52
BLE,1676581304965407259,DF:DF:EE:00:00:03,-70
BLE,1676581305008955892,DF:DF:EE:00:00:04,-62
BLE,1676581305059702888,DF:DF:EE:00:00:05,-46
BLE,1676581305188013110,DF:DF:EE:00:00:02,-58
BLE,1676581305465948397,DF:DF:EE:00:00:04,-63
BLE,1676581305684151848,DF:DF:EE:00:00:01,-52
BLE,1676581305971184432,DF:DF:EE:00:00:03,-54
BLE,1676581306005535394,DF:DF:EE:00:00:04,-64
BLE,1676581306074641357,DF:DF:EE:00:00:05,-45
BLE,1676581306187428117,DF:DF:EE:00:00:02,-77
BLE,1676581306473896124,DF:DF:EE:00:00:04,-76
BLE,1676581306687721925,DF:DF:EE:00:00:01,-67
BLE,1676581306722756629,DF:DF:EE:00:00:02,-59
BLE,1676581306972152501,DF:DF:EE:00:00:03,-69
BLE,1676581307002620682,DF:DF:EE:00:00:04,-76
BLE,1676581307085936206,DF:DF:EE:00:00:05,-60
BLE,1676581307186064134,DF:DF:EE:00:00:02,-73
BLE,1676581307472052397,DF:DF:EE:00:00:04,-78
BLE,1676581307690835299,DF:DF:EE:00:00:01,-68
BLE,1676581307692245280,DF:DF:EE:00:00:01,-71
BLE,1676581307727148694,DF:DF:EE:00:00:02,-73
BLE,1676581308011468647,DF:DF:EE:00:00:04,-78
BLE,1676581308098437665,DF:DF:EE:00:00:05,-60
BLE,1676581308190215369,DF:DF:EE:00:00:02,-76
BLE,1676581308466411387,DF:DF:EE:00:00:04,-76
BLE,1676581308690864923,DF:DF:EE:00:00:01,-68
BLE,1676581308963334865,DF:DF:EE:00:00:03,-70
BLE,1676581309008423061,DF:DF:EE:00:00:04,-75
BLE,1676581309108495489,DF:DF:EE:00:00:05,-59
BLE,1676581309109675599,DF:DF:EE:00:00:05,-61
BLE,1676581309469738759,DF:DF:EE:00:00:04,-78
BLE,1676581309691541579,DF:DF:EE:00:00:01,-67
BLE,1676581309725217718,DF:DF:EE:00:00:02,-73
BLE,1676581310006538501,DF:DF:EE:00:00:04,-75
BLE,1676581310115903932,DF:DF:EE:00:00:05,-45
BLE,1676581310185079351,DF:DF:EE:00:00:02,-73
BLE,1676581310686695100,DF:DF:EE:00:00:01,-69
BLE,1676581310727861473,DF:DF:EE:00:00:02,-73
BLE,1676581310964228726,DF:DF:EE:00:00:03,-69
BLE,1676581311010684321,DF:DF:EE:00:00:04,-76
BLE,1676581311124528442,DF:DF:EE:00:00:05,-62
BLE,1676581311190208532,DF:DF:EE:00:00:02,-74
BLE,1676581311469071974,DF:DF:EE:00:00:04,-75
BLE,1676581311692409190,DF:DF:EE:00:00:01,-51
BLE,1676581311969220450,DF:DF:EE:00:00:03,-56
BLE,1676581312132030341,DF:DF:EE:00:00:05,-48
BLE,1676581312190293447,DF:DF:EE:00:00:02,-59
BLE,1676581312471099529,DF:DF:EE:00:00:04,-61
BLE,1676581312692529062,DF:DF:EE:00:00:01,-54
BLE,1676581312733612311,DF:DF:EE:00:00:02,-76
BLE,1676581312973303729,DF:DF:EE:00:00:03,-53
BLE,1676581313141170386,DF:DF:EE:00:00:05,-45
BLE,1676581313472852630,DF:DF:EE:00:00:04,-62
BLE,1676581313726099285,DF:DF:EE:00:00:02,-76
BLE,1676581313966932395,DF:DF:EE:00:00:03,-69
BLE,1676581314008554762,DF:DF:EE:00:00:04,-76
BLE,1676581314154481376,DF:DF:EE:00:00:05,-60
BLE,1676581314189148085,DF:DF:EE:00:00:02,-73
BLE,1676581314471096277,DF:DF:EE:00:00:04,-77
BLE,1676581314692713724,DF:DF:EE:00:00:01,-70
BLE,1676581314730542183,DF:DF:EE:00:00:02,-73
BLE,1676581314967801966,DF:DF:EE:00:00:03,-70
BLE,1676581315166994751,DF:DF:EE:00:00:05,-60
BLE,1676581315192387082,DF:DF:EE:00:00:02,-73
BLE,1676581315688969314,DF:DF:EE:00:00:01,-68
BLE,1676581315729224449,DF:DF:EE:00:00:02,-77
BLE,1676581315971092296,DF:DF:EE:00:00:03,-70
BLE,1676581316004956724,DF:DF:EE:00:00:04,-75
BLE,1676581316173294708,DF:DF:EE:00:00:05,-59
BLE,1676581316688812440,DF:DF:EE:00:00:01,-67
BLE,1676581316732741568,DF:DF:EE:00:00:02,-73
BLE,1676581316971789036,DF:DF:EE:00:00:03,-70
BLE,1676581317002984832,DF:DF:EE:00:00:04,-76
BLE,1676581317184165688,DF:DF:EE:00:00:02,-59
BLE,1676581317465343891,DF:DF:EE:00:00:04,-75
BLE,1676581317731415668,DF:DF:EE:00:00:02,-76
BLE,1676581317971464914,DF:DF:EE:00:00:03,-69
BLE,1676581318005354174,DF:DF:EE:00:00:04,-75
BLE,1676581318187927721,DF:DF:EE:00:00:02,-73
BLE,1676581318200715094,DF:DF:EE:00:00:05,-60
BLE,1676581318466674247,DF:DF:EE:00:00:04,-76
BLE,1676581318687905992,DF:DF:EE:00:00:01,-67
BLE,1676581318969855100,DF:DF:EE:00:00:03,-70
BLE,1676581319011563341,DF:DF:EE:00:00:04,-78
BLE,1676581319194265011,DF:DF:EE:00:00:02,-76
BLE,1676581319209456727,DF:DF:EE:00:00:05,-59
BLE,1676581319469821205,DF:DF:EE:00:00:04,-75
BLE,1676581319732747231,DF:DF:EE:00:00:02,-75
BLE,1676581319965890027,DF:DF:EE:00:00:03,-69
BLE,1676581320005496462,DF:DF:EE:00:00:04,-77
BLE,1676581320185023924,DF:DF:EE:00:00:02,-75
BLE,1676581320221975644,DF:DF:EE:00:00:05,-59
BLE,1676581320465480469,DF:DF:EE:00:00:04,-76
BLE,1676581320686757713,DF:DF:EE:00:00:01,-67
BLE,1676581320963714471,DF:DF:EE:00:00:03,-70
BLE,1676581321005527044,DF:DF:EE:00:00:04,-76
BLE,1676581321188081549,DF:DF:EE:00:00:02,-73
BLE,1676581321231900178,DF:DF:EE:00:00:05,-59
BLE,1676581321723057524,DF:DF:EE:00:00:02,-72
BLE,1676581321966470308,DF:DF:EE:00:00:03,-70
BLE,1676581322010431103,DF:DF:EE:00:00:04,-75
BLE,1676581322191902747,DF:DF:EE:00:00:02,-73
BLE,1676581322246949187,DF:DF:EE:00:00:05,-59
BLE,1676581322463342870,DF:DF:EE:00:00:04,-75
BLE,1676581322727323758,DF:DF:EE:00:00:02,-77
BLE,1676581322964050339,DF:DF:EE:00:00:03,-70
BLE,1676581323011428422,DF:DF:EE:00:00:04,-76
BLE,1676581323182817033,DF:DF:EE:00:00:02,-72
BLE,1676581323259389896,DF:DF:EE:00:00:05,-59
BLE,1676581323467783185,DF:DF:EE:00:00:04,-77
BLE,1676581323693813991,DF:DF:EE:00:00:01,-70
BLE,1676581323731986195,DF:DF:EE:00:00:02,-73
BLE,1676581323966101603,DF:DF:EE:00:00:03,-70
BLE,1676581324189611275,DF:DF:EE:00:00:02,-76
BLE,1676581324268147154,DF:DF:EE:00:00:05,-59
BLE,1676581324467471855,DF:DF:EE:00:00:04,-76
BLE,1676581324972744222,DF:DF:EE:00:00:03,-70
BLE,1676581325007525554,DF:DF:EE:00:00:04,-76
BLE,1676581325187852547,DF:DF:EE:00:00:02,-72
BLE,1676581325280643155,DF:DF:EE:00:00:05,-59
BLE,1676581325465422922,DF:DF:EE:00:00:04,-75
BLE,1676581325688219479,DF:DF:EE:00:00:01,-67
BLE,1676581325731789612,DF:DF:EE:00:00:02,-73
BLE,1676581325971757650,DF:DF:EE:00:00:03,-69
BLE,1676581326011851204,DF:DF:EE:00:00:04,-78
BLE,1676581326193001186,DF:DF:EE:00:00:02,-76
BLE,1676581326290649730,DF:DF:EE:00:00:05,-62
BLE,1676581326467519643,DF:DF:EE:00:00:04,-75
BLE,1676581326723988089,DF:DF:EE:00:00:02,-73
BLE,1676581326964275665,DF:DF:EE:00:00:03,-70
BLE,1676581327301885288,DF:DF:EE:00:00:05,-62
BLE,1676581327463853899,DF:DF:EE:00:00:04,-75
BLE,1676581327968775438,DF:DF:EE:00:00:03,-70
BLE,1676581328184021636,DF:DF:EE:00:00:02,-72
BLE,1676581328319389639,DF:DF:EE:00:00:05,-59
BLE,1676581328683762826,DF:DF:EE:00:00:01,-68
BLE,1676581328730063340,DF:DF:EE:00:00:02,-76
BLE,1676581328964225205,DF:DF:EE:00:00:03,-70
BLE,1676581329009054696,DF:DF:EE:00:00:04,-76
BLE,1676581329328188355,DF:DF:EE:00:00:05,-62
BLE,1676581329468250089,DF:DF:EE:00:00:04,-75
BLE,1676581329686869076,DF:DF:EE:00:00:01,-67
BLE,1676581330005728489,DF:DF:EE:00:00:04,-76
BLE,1676581330182576028,DF:DF:EE:00:00:02,-73
BLE,1676581330338139848,DF:DF:EE:00:00:05,-61
BLE,1676581330465958951,DF:DF:EE:00:00:04,-78
BLE,1676581330722548020,DF:DF:EE:00:00:02,-72
BLE,1676581330969846128,DF:DF:EE:00:00:03,-70
BLE,1676581331010597048,DF:DF:EE:00:00:04,-76
BLE,1676581331187087175,DF:DF:EE:00:00:02,-76
BLE,1676581331348081465,DF:DF:EE:00:00:05,-62
BLE,1676581331465885492,DF:DF:EE:00:00:04,-76
BLE,1676581331693330030,DF:DF:EE:00:00:01,-68
BLE,1676581331724444077,DF:DF:EE:00:00:02,-61
BLE,1676581331967158829,DF:DF:EE:00:00:03,-69
BLE,1676581332005995233,DF:DF:EE:00:00:04,-75
BLE,1676581332184394501,DF:DF:EE:00:00:02,-72
BLE,1676581332356872598,DF:DF:EE:00:00:05,-61
BLE,1676581332468088670,DF:DF:EE:00:00:04,-78
BLE,1676581332688934086,DF:DF:EE:00:00:01,-67
BLE,1676581332731506691,DF:DF:EE:00:00:02,-73
BLE,1676581332965869428,DF:DF:EE:00:00:03,-70
BLE,1676581333185857814,DF:DF:EE:00:00:02,-75
BLE,1676581333470713468,DF:DF:EE:00:00:04,-76
BLE,1676581333726932458,DF:DF:EE:00:00:02,-76
BLE,1676581333974200526,DF:DF:EE:00:00:03,-71
BLE,1676581334183101433,DF:DF:EE:00:00:02,-73
BLE,1676581334380600490,DF:DF:EE:00:00:05,-61
BLE,1676581334472996603,DF:DF:EE:00:00:04,-77
BLE,1676581334691021265,DF:DF:EE:00:00:01,-67
BLE,1676581334727805071,DF:DF:EE:00:00:02,-72
BLE,1676581334968819095,DF:DF:EE:00:00:03,-69
BLE,1676581335009297977,DF:DF:EE:00:00:04,-78
BLE,1676581335192608014,DF:DF:EE:00:00:02,-75
BLE,1676581335394384891,DF:DF:EE:00:00:05,-60
BLE,1676581335725116980,DF:DF:EE:00:00:02,-73
BLE,1676581335962697342,DF:DF:EE:00:00:03,-69
BLE,1676581336187331208,DF:DF:EE:00:00:02,-73
BLE,1676581336404389466,DF:DF:EE:00:00:05,-60
BLE,1676581336467824503,DF:DF:EE:00:00:04,-76
BLE,1676581336692319745,DF:DF:EE:00:00:01,-67
BLE,1676581336731479062,DF:DF:EE:00:00:02,-72
BLE,1676581337006057268,DF:DF:EE:00:00:04,-76
BLE,1676581337185704395,DF:DF:EE:00:00:02,-73
BLE,1676581337413193640,DF:DF:EE:00:00:05,-59
BLE,1676581337465965193,DF:DF:EE:00:00:04,-79
BLE,1676581337724944230,DF:DF:EE:00:00:02,-73
BLE,1676581338008047449,DF:DF:EE:00:00:04,-75
BLE,1676581338189312179,DF:DF:EE:00:00:02,-72
BLE,1676581338425711307,DF:DF:EE:00:00:05,-59
BLE,1676581338463997676,DF:DF:EE:00:00:04,-77
BLE,1676581338688691874,DF:DF:EE:00:00:01,-65
BLE,1676581338729474502,DF:DF:EE:00:00:02,-73
BLE,1676581338962982085,DF:DF:EE:00:00:03,-70
BLE,1676581339003713421,DF:DF:EE:00:00:04,-75
BLE,1676581339193303625,DF:DF:EE:00:00:02,-76
BLE,1676581339435859005,DF:DF:EE:00:00:05,-59
BLE,1676581339688997994,DF:DF:EE:00:00:01,-70
BLE,1676581339733255868,DF:DF:EE:00:00:02,-76
BLE,1676581339966806408,DF:DF:EE:00:00:03,-69
BLE,1676581340004515368,DF:DF:EE:00:00:04,-78
BLE,1676581340453226566,DF:DF:EE:00:00:05,-61
BLE,1676581340462753773,DF:DF:EE:00:00:04,-76
BLE,1676581340686930020,DF:DF:EE:00:00:01,-68
BLE,1676581340728314724,DF:DF:EE:00:00:02,-76
BLE,1676581340972502040,DF:DF:EE:00:00:03,-69
BLE,1676581341011454900,DF:DF:EE:00:00:04,-75
BLE,1676581341182795470,DF:DF:EE:00:00:02,-72
BLE,1676581341467035382,DF:DF:EE:00:00:05,-61
BLE,1676581341690875884,DF:DF:EE:00:00:01,-71
BLE,1676581341722877919,DF:DF:EE:00:00:02,-73
BLE,1676581341967897266,DF:DF:EE:00:00:03,-69
BLE,1676581342002506226,DF:DF:EE:00:00:04,-76
BLE,1676581342187758153,DF:DF:EE:00:00:02,-76
BLE,1676581342468525861,DF:DF:EE:00:00:04,-76
BLE,1676581342473259799,DF:DF:EE:00:00:05,-59
BLE,1676581342690293640,DF:DF:EE:00:00:01,-67
BLE,1676581342727861436,DF:DF:EE:00:00:02,-76
BLE,1676581342973381984,DF:DF:EE:00:00:03,-69
BLE,1676581343008325689,DF:DF:EE:00:00:04,-75
BLE,1676581343184594944,DF:DF:EE:00:00:02,-73
BLE,1676581343472404184,DF:DF:EE:00:00:04,-79
BLE,1676581343488194767,DF:DF:EE:00:00:05,-58
BLE,1676581343688573703,DF:DF:EE:00:00:01,-67
BLE,1676581343723192746,DF:DF:EE:00:00:02,-72
BLE,1676581343968129344,DF:DF:EE:00:00:03,-70
BLE,1676581344001822232,DF:DF:EE:00:00:04,-76
BLE,1676581344188731555,DF:DF:EE:00:00:02,-76
BLE,1676581344500695559,DF:DF:EE:00:00:05,-59
BLE,1676581344686239025,DF:DF:EE:00:00:01,-70
BLE,1676581344733150572,DF:DF:EE:00:00:02,-61
BLE,1676581344964276102,DF:DF:EE:00:00:03,-69
BLE,1676581345005562348,DF:DF:EE:00:00:04,-75
BLE,1676581345193249911,DF:DF:EE:00:00:02,-73
BLE,1676581345466177597,DF:DF:EE:00:00:04,-75
BLE,1676581345513201268,DF:DF:EE:00:00:05,-59
BLE,1676581345691019752,DF:DF:EE:00:00:01,-67
BLE,1676581345731051473,DF:DF:EE:00:00:02,-72
BLE,1676581345963071533,DF:DF:EE:00:00:03,-68
BLE,1676581346010703779,DF:DF:EE:00:00:04,-79
BLE,1676581346187495736,DF:DF:EE:00:00:02,-73
BLE,1676581346688233371,DF:DF:EE:00:00:01,-71
BLE,1676581346726722196,DF:DF:EE:00:00:02,-73
BLE,1676581346964691261,DF:DF:EE:00:00:03,-69
BLE,1676581347528266400,DF:DF:EE:00:00:05,-62
BLE,1676581347692990182,DF:DF:EE:00:00:01,-67
BLE,1676581347728817709,DF:DF:EE:00:00:02,-73
BLE,1676581347965658914,DF:DF:EE:00:00:03,-70
BLE,1676581348003405332,DF:DF:EE:00:00:04,-75
BLE,1676581348187891103,DF:DF:EE:00:00:02,-72
BLE,1676581348466650421,DF:DF:EE:00:00:04,-78
BLE,1676581348683384641,DF:DF:EE:00:00:01,-67
BLE,1676581348732880737,DF:DF:EE:00:00:02,-76
BLE,1676581348967286099,DF:DF:EE:00:00:03,-69
BLE,1676581349004693022,DF:DF:EE:00:00:04,-78
BLE,1676581349191219808,DF:DF:EE:00:00:02,-72
BLE,1676581349465268771,DF:DF:EE:00:00:04,-76
BLE,1676581349545774958,DF:DF:EE:00:00:05,-60
BLE,1676581349690365589,DF:DF:EE:00:00:01,-68
BLE,1676581349965909700,DF:DF:EE:00:00:03,-70
BLE,1676581350004572022,DF:DF:EE:00:00:04,-75
BLE,1676581350184849016,DF:DF:EE:00:00:02,-72
BLE,1676581350469678128,DF:DF:EE:00:00:04,-79
BLE,1676581350558250375,DF:DF:EE:00:00:05,-61
BLE,1676581350726788440,DF:DF:EE:00:00:02,-73
BLE,1676581350728211088,DF:DF:EE:00:00:02,-73
BLE,1676581350966189820,DF:DF:EE:00:00:03,-70
BLE,1676581351009234959,DF:DF:EE:00:00:04,-78
BLE,1676581351183433950,DF:DF:EE:00:00:02,-73
BLE,1676581351463184921,DF:DF:EE:00:00:04,-76
BLE,1676581351565642485,DF:DF:EE:00:00:05,-59
BLE,1676581351688278698,DF:DF:EE:00:00:01,-53
BLE,1676581351725860160,DF:DF:EE:00:00:02,-75
BLE,1676581351966070112,DF:DF:EE:00:00:03,-68
BLE,1676581352003508742,DF:DF:EE:00:00:04,-75
BLE,1676581352187758392,DF:DF:EE:00:00:02,-72
BLE,1676581352468562099,DF:DF:EE:00:00:04,-78
BLE,1676581352570683250,DF:DF:EE:00:00:05,-61
BLE,1676581352688346613,DF:DF:EE:00:00:01,-67
BLE,1676581352727146975,DF:DF:EE:00:00:02,-72
BLE,1676581352964172052,DF:DF:EE:00:00:03,-69
BLE,1676581353008050264,DF:DF:EE:00:00:04,-78
BLE,1676581353193311401,DF:DF:EE:00:00:02,-76
BLE,1676581353470757236,DF:DF:EE:00:00:04,-75
BLE,1676581353583170584,DF:DF:EE:00:00:05,-62
BLE,1676581353689461430,DF:DF:EE:00:00:01,-71
BLE,1676581353723008445,DF:DF:EE:00:00:02,-73
BLE,1676581353971060877,DF:DF:EE:00:00:03,-70
BLE,1676581354186088620,DF:DF:EE:00:00:02,-73
BLE,1676581354464973519,DF:DF:EE:00:00:04,-76
BLE,1676581354593306282,DF:DF:EE:00:00:05,-61
BLE,1676581354692283017,DF:DF:EE:00:00:01,-67
BLE,1676581354727107265,DF:DF:EE:00:00:02,-73
BLE,1676581354963323686,DF:DF:EE:00:00:03,-69
BLE,1676581355604537341,DF:DF:EE:00:00:05,-62
BLE,1676581355689571593,DF:DF:EE:00:00:01,-70
BLE,1676581355721783209,DF:DF:EE:00:00:02,-73
BLE,1676581355970560548,DF:DF:EE:00:00:03,-70
BLE,1676581356189710820,DF:DF:EE:00:00:02,-73
BLE,1676581356463694867,DF:DF:EE:00:00:04,-75
BLE,1676581356619560516,DF:DF:EE:00:00:05,-62
BLE,1676581356692367513,DF:DF:EE:00:00:01,-67
BLE,1676581356961928036,DF:DF:EE:00:00:03,-70
BLE,1676581357003966064,DF:DF:EE:00:00:04,-76
BLE,1676581357187336766,DF:DF:EE:00:00:02,-73
BLE,1676581357466080709,DF:DF:EE:00:00:04,-79
BLE,1676581357635801967,DF:DF:EE:00:00:05,-59
BLE,1676581357693873742,DF:DF:EE:00:00:01,-71
BLE,1676581357968083745,DF:DF:EE:00:00:03,-70
BLE,1676581358186053074,DF:DF:EE:00:00:02,-77
BLE,1676581358470811354,DF:DF:EE:00:00:04,-75
BLE,1676581358645617378,DF:DF:EE:00:00:05,-62
BLE,1676581358688605644,DF:DF:EE:00:00:01,-67
BLE,1676581358967056840,DF:DF:EE:00:00:03,-70
BLE,1676581359001948088,DF:DF:EE:00:00:04,-75
BLE,1676581359183678187,DF:DF:EE:00:00:02,-72
BLE,1676581359467422439,DF:DF:EE:00:00:04,-77
BLE,1676581359653269734,DF:DF:EE:00:00:05,-62
BLE,1676581359689328341,DF:DF:EE:00:00:01,-68
BLE,1676581359731840113,DF:DF:EE:00:00:02,-73
BLE,1676581359968638735,DF:DF:EE:00:00:03,-69
BLE,1676581360001864088,DF:DF:EE:00:00:04,-76
BLE,1676581360186833770,DF:DF:EE:00:00:02,-77
BLE,1676581360685464058,DF:DF:EE:00:00:01,-70
BLE,1676581360725742484,DF:DF:EE:00:00:02,-76
BLE,1676581360968301280,DF:DF:EE:00:00:03,-70
BLE,1676581361004710049,DF:DF:EE:00:00:04,-76
BLE,1676581361192391278,DF:DF:EE:00:00:02,-73
BLE,1676581361463979607,DF:DF:EE:00:00:04,-76
BLE,1676581361678215361,DF:DF:EE:00:00:05,-61
BLE,1676581361691875180,DF:DF:EE:00:00:01,-68
BLE,1676581361728104118,DF:DF:EE:00:00:02,-60
BLE,1676581361968434444,DF:DF:EE:00:00:03,-69
BLE,1676581362009509235,DF:DF:EE:00:00:04,-77
BLE,1676581362193017352,DF:DF:EE:00:00:02,-75
BLE,1676581362468403090,DF:DF:EE:00:00:04,-76
BLE,1676581362690720153,DF:DF:EE:00:00:05,-62
BLE,1676581362728949439,DF:DF:EE:00:00:02,-76
BLE,1676581362969772758,DF:DF:EE:00:00:03,-69
BLE,1676581363189418565,DF:DF:EE:00:00:02,-73
BLE,1676581363471259967,DF:DF:EE:00:00:04,-63
BLE,1676581363682265972,DF:DF:EE:00:00:01,-67
BLE,1676581363699448245,DF:DF:EE:00:00:05,-60
BLE,1676581363729350725,DF:DF:EE:00:00:02,-73
BLE,1676581363969911255,DF:DF:EE:00:00:03,-69
BLE,1676581364011064503,DF:DF:EE:00:00:04,-79
BLE,1676581364186164815,DF:DF:EE:00:00:02,-59
BLE,1676581364690751192,DF:DF:EE:00:00:01,-68
BLE,1676581364711999244,DF:DF:EE:00:00:05,-61
BLE,1676581364726988130,DF:DF:EE:00:00:02,-73
BLE,1676581364967778282,DF:DF:EE:00:00:03,-69
BLE,1676581365003149940,DF:DF:EE:00:00:04,-64
BLE,1676581365189643602,DF:DF:EE:00:00:02,-73
BLE,1676581365466328613,DF:DF:EE:00:00:04,-76
BLE,1676581365693513529,DF:DF:EE:00:00:01,-67
BLE,1676581365729481721,DF:DF:EE:00:00:02,-73
BLE,1676581365971116612,DF:DF:EE:00:00:03,-69
BLE,1676581366010011182,DF:DF:EE:00:00:04,-76
BLE,1676581366193793629,DF:DF:EE:00:00:02,-77
BLE,1676581366466649608,DF:DF:EE:00:00:04,-78
BLE,1676581366693706817,DF:DF:EE:00:00:01,-70
BLE,1676581366723800794,DF:DF:EE:00:00:02,-72
BLE,1676581366738104106,DF:DF:EE:00:00:05,-60
BLE,1676581367009444605,DF:DF:EE:00:00:04,-78
BLE,1676581367187593126,DF:DF:EE:00:00:02,-76
BLE,1676581367470724470,DF:DF:EE:00:00:04,-76
BLE,1676581367687143528,DF:DF:EE:00:00:01,-67
BLE,1676581367725716393,DF:DF:EE:00:00:02,-76
BLE,1676581367750634064,DF:DF:EE:00:00:05,-60
BLE,1676581367969190344,DF:DF:EE:00:00:03,-70
BLE,1676581368002193116,DF:DF:EE:00:00:04,-75
BLE,1676581368193331049,DF:DF:EE:00:00:02,-72
BLE,1676581368465975490,DF:DF:EE:00:00:04,-78
BLE,1676581368685830919,DF:DF:EE:00:00:01,-67
BLE,1676581368722608016,DF:DF:EE:00:00:02,-72
BLE,1676581369007850373,DF:DF:EE:00:00:04,-79
BLE,1676581369183833090,DF:DF:EE:00:00:02,-73
BLE,1676581369689600826,DF:DF:EE:00:00:01,-52
BLE,1676581369726948041,DF:DF:EE:00:00:02,-76
BLE,1676581369775737022,DF:DF:EE:00:00:05,-60
BLE,1676581369960229668,DF:DF:EE:00:00:03,-70
BLE,1676581370187974618,DF:DF:EE:00:00:02,-72
BLE,1676581370469910227,DF:DF:EE:00:00:04,-79
BLE,1676581370692041876,DF:DF:EE:00:00:01,-67
BLE,1676581370726987039,DF:DF:EE:00:00:02,-72
BLE,1676581370964842231,DF:DF:EE:00:00:03,-70
BLE,1676581371001631536,DF:DF:EE:00:00:04,-75
BLE,1676581371190772121,DF:DF:EE:00:00:02,-76
BLE,1676581371467575715,DF:DF:EE:00:00:04,-76
BLE,1676581371685037092,DF:DF:EE:00:00:01,-53
BLE,1676581371725323727,DF:DF:EE:00:00:02,-73
BLE,1676581371803168740,DF:DF:EE:00:00:05,-49
BLE,1676581371962074891,DF:DF:EE:00:00:03,-54
BLE,1676581372006300390,DF:DF:EE:00:00:04,-62
BLE,1676581372461057716,DF:DF:EE:00:00:04,-75
BLE,1676581372683853815,DF:DF:EE:00:00:01,-51
BLE,1676581372727092869,DF:DF:EE:00:00:02,-73
BLE,1676581372813137232,DF:DF:EE:00:00:05,-60
BLE,1676581372967670024,DF:DF:EE:00:00:03,-55
BLE,1676581373000499382,DF:DF:EE:00:00:04,-61
BLE,1676581373187324290,DF:DF:EE:00:00:02,-59
BLE,1676581373467020012,DF:DF:EE:00:00:04,-78
BLE,1676581373683872022,DF:DF:EE:00:00:01,-66
BLE,1676581373721197446,DF:DF:EE:00:00:02,-72
BLE,1676581373825669399,DF:DF:EE:00:00:05,-60
BLE,1676581373963949947,DF:DF:EE:00:00:03,-69
BLE,1676581374001451244,DF:DF:EE:00:00:04,-78
BLE,1676581374463398350,DF:DF:EE:00:00:04,-76
BLE,1676581374688281129,DF:DF:EE:00:00:01,-67
BLE,1676581374730735735,DF:DF:EE:00:00:02,-73
BLE,1676581374832015981,DF:DF:EE:00:00:05,-59
BLE,1676581374833210881,DF:DF:EE:00:00:05,-60
BLE,1676581374966589661,DF:DF:EE:00:00:03,-70
BLE,1676581375006313137,DF:DF:EE:00:00:04,-76
BLE,1676581375190767783,DF:DF:EE:00:00:02,-73
BLE,1676581375691471503,DF:DF:EE:00:00:01,-69
BLE,1676581375721402774,DF:DF:EE:00:00:02,-73
BLE,1676581375841799934,DF:DF:EE:00:00:05,-59
BLE,1676581376007238581,DF:DF:EE:00:00:04,-78
BLE,1676581376462152447,DF:DF:EE:00:00:04,-75
BLE,1676581376690168810,DF:DF:EE:00:00:01,-67
BLE,1676581376730897189,DF:DF:EE:00:00:02,-72
BLE,1676581376849479789,DF:DF:EE:00:00:05,-61
BLE,1676581376850539567,DF:DF:EE:00:00:05,-60
BLE,1676581376967361107,DF:DF:EE:00:00:03,-70
BLE,1676581377001628071,DF:DF:EE:00:00:04,-75
BLE,1676581377182592556,DF:DF:EE:00:00:02,-72
BLE,1676581377471117994,DF:DF:EE:00:00:04,-77
BLE,1676581377689587400,DF:DF:EE:00:00:01,-68
BLE,1676581377859323408,DF:DF:EE:00:00:05,-61
BLE,1676581377965392132,DF:DF:EE:00:00:03,-70
BLE,1676581378010012918,DF:DF:EE:00:00:04,-64
BLE,1676581378190915111,DF:DF:EE:00:00:02,-76
BLE,1676581378463759382,DF:DF:EE:00:00:04,-75
BLE,1676581378684058889,DF:DF:EE:00:00:01,-71
BLE,1676581378725833004,DF:DF:EE:00:00:02,-77
BLE,1676581378963743444,DF:DF:EE:00:00:03,-70
BLE,1676581379183768746,DF:DF:EE:00:00:02,-72
BLE,1676581379469778260,DF:DF:EE:00:00:04,-77
BLE,1676581379684713587,DF:DF:EE:00:00:01,-68
BLE,1676581379729161333,DF:DF:EE:00:00:02,-73
BLE,1676581379730843520,DF:DF:EE:00:00:02,-73
BLE,1676581379878042908,DF:DF:EE:00:00:05,-61
BLE,1676581380184661858,DF:DF:EE:00:00:02,-73
BLE,1676581380466869547,DF:DF:EE:00:00:04,-61
BLE,1676581380688154374,DF:DF:EE:00:00:01,-71
BLE,1676581380732860992,DF:DF:EE:00:00:02,-61
BLE,1676581380884269450,DF:DF:EE:00:00:05,-59
BLE,1676581380965034383,DF:DF:EE:00:00:03,-68
BLE,1676581381001099573,DF:DF:EE:00:00:04,-63
BLE,1676581381183965699,DF:DF:EE:00:00:02,-62
BLE,1676581381469013642,DF:DF:EE:00:00:04,-76
BLE,1676581381682303158,DF:DF:EE:00:00:01,-52
BLE,1676581381891835724,DF:DF:EE:00:00:05,-45
BLE,1676581382003956951,DF:DF:EE:00:00:04,-62
BLE,1676581382193177910,DF:DF:EE:00:00:02,-76
BLE,1676581382463961500,DF:DF:EE:00:00:04,-79
BLE,1676581382686366520,DF:DF:EE:00:00:01,-70
BLE,1676581382726862444,DF:DF:EE:00:00:02,-73
BLE,1676581382904512305,DF:DF:EE:00:00:05,-59
BLE,1676581383460507128,DF:DF:EE:00:00:04,-75
BLE,1676581383685214451,DF:DF:EE:00:00:01,-68
BLE,1676581383729796862,DF:DF:EE:00:00:02,-73
BLE,1676581383920459885,DF:DF:EE:00:00:05,-59
BLE,1676581383962232625,DF:DF:EE:00:00:03,-70
BLE,1676581384000690742,DF:DF:EE:00:00:04,-76
BLE,1676581384186612536,DF:DF:EE:00:00:02,-73
BLE,1676581384466876501,DF:DF:EE:00:00:04,-78
BLE,1676581384690030344,DF:DF:EE:00:00:01,-71
BLE,1676581384721668968,DF:DF:EE:00:00:02,-72
BLE,1676581384925618482,DF:DF:EE:00:00:05,-61
BLE,1676581384962390747,DF:DF:EE:00:00:03,-70
BLE,1676581385004103779,DF:DF:EE:00:00:04,-78
BLE,1676581385187670771,DF:DF:EE:00:00:02,-77
BLE,1676581385469246010,DF:DF:EE:00:00:04,-76
BLE,1676581385689141355,DF:DF:EE:00:00:01,-67
BLE,1676581385726322572,DF:DF:EE:00:00:02,-61
BLE,1676581385965188917,DF:DF:EE:00:00:03,-54
BLE,1676581386005966712,DF:DF:EE:00:00:04,-63
BLE,1676581386188943378,DF:DF:EE:00:00:02,-59
BLE,1676581386467780903,DF:DF:EE:00:00:04,-63
BLE,1676581386693793542,DF:DF:EE:00:00:01,-53
BLE,1676581386722311666,DF:DF:EE:00:00:02,-72
BLE,1676581386951755260,DF:DF:EE:00:00:05,-62
BLE,1676581386968498205,DF:DF:EE:00:00:03,-54
BLE,1676581387010979644,DF:DF:EE:00:00:04,-66
BLE,1676581387189723033,DF:DF:EE:00:00:02,-61
BLE,1676581387461982228,DF:DF:EE:00:00:04,-78
BLE,1676581387683825131,DF:DF:EE:00:00:01,-71
BLE,1676581387966907933,DF:DF:EE:00:00:05,-59
BLE,1676581388004161983,DF:DF:EE:00:00:04,-76
BLE,1676581388191804129,DF:DF:EE:00:00:02,-73
BLE,1676581388462884715,DF:DF:EE:00:00:04,-75
BLE,1676581388683081890,DF:DF:EE:00:00:01,-67
BLE,1676581388963588768,DF:DF:EE:00:00:03,-54
BLE,1676581388980441379,DF:DF:EE:00:00:05,-59
BLE,1676581389002670793,DF:DF:EE:00:00:04,-76
BLE,1676581389190754892,DF:DF:EE:00:00:02,-77
BLE,1676581389732643151,DF:DF:EE:00:00:02,-75
BLE,1676581389970284970,DF:DF:EE:00:00:03,-70
BLE,1676581389991673646,DF:DF:EE:00:00:05,-59
BLE,1676581390001025814,DF:DF:EE:00:00:04,-78
BLE,1676581390191215468,DF:DF:EE:00:00:02,-73
BLE,1676581390460120124,DF:DF:EE:00:00:04,-75
BLE,1676581390690169752,DF:DF:EE:00:00:01,-67
BLE,1676581390960819260,DF:DF:EE:00:00:03,-70
BLE,1676581391005430129,DF:DF:EE:00:00:05,-59
BLE,1676581391466466289,DF:DF:EE:00:00:04,-77
BLE,1676581391686508716,DF:DF:EE:00:00:01,-71
BLE,1676581391721803958,DF:DF:EE:00:00:02,-74
BLE,1676581391964150590,DF:DF:EE:00:00:03,-69
BLE,1676581392190724139,DF:DF:EE:00:00:02,-73
BLE,1676581392464041612,DF:DF:EE:00:00:04,-75
BLE,1676581392688160401,DF:DF:EE:00:00:01,-68
BLE,1676581392969138815,DF:DF:EE:00:00:03,-69
BLE,1676581392998647633,DF:DF:EE:00:00:04,-75
BLE,1676581393030445047,DF:DF:EE:00:00:05,-59
BLE,1676581393182661703,DF:DF:EE:00:00:02,-72
BLE,1676581393469421665,DF:DF:EE:00:00:04,-79
BLE,1676581393684267035,DF:DF:EE:00:00:01,-67
BLE,1676581393723900386,DF:DF:EE:00:00:02,-72
BLE,1676581394001059809,DF:DF:EE:00:00:04,-75
BLE,1676581394046708164,DF:DF:EE:00:00:05,-59
BLE,1676581394191927204,DF:DF:EE:00:00:02,-73
BLE,1676581394461179772,DF:DF:EE:00:00:04,-74
BLE,1676581394691117610,DF:DF:EE:00:00:01,-67
BLE,1676581394729243231,DF:DF:EE:00:00:02,-76
BLE,1676581394962339694,DF:DF:EE:00:00:03,-69
BLE,1676581395051732555,DF:DF:EE:00:00:05,-61
BLE,1676581395181656339,DF:DF:EE:00:00:02,-73
BLE,1676581395466084540,DF:DF:EE:00:00:04,-77
BLE,1676581395681699983,DF:DF:EE:00:00:01,-67
BLE,1676581395723463640,DF:DF:EE:00:00:02,-58
BLE,1676581395967432417,DF:DF:EE:00:00:03,-70
BLE,1676581396001309845,DF:DF:EE:00:00:04,-75
BLE,1676581396060395981,DF:DF:EE:00:00:05,-62
BLE,1676581396190019977,DF:DF:EE:00:00:02,-76
BLE,1676581396463806735,DF:DF:EE:00:00:04,-75
BLE,1676581396686539501,DF:DF:EE:00:00:01,-71
BLE,1676581396729325186,DF:DF:EE:00:00:02,-75
BLE,1676581396959419522,DF:DF:EE:00:00:03,-68
BLE,1676581397002395704,DF:DF:EE:00:00:04,-77
BLE,1676581397071719080,DF:DF:EE:00:00:05,-61
BLE,1676581397187491093,DF:DF:EE:00:00:02,-72
BLE,1676581397469309620,DF:DF:EE:00:00:04,-79
BLE,1676581397682171516,DF:DF:EE:00:00:01,-68
BLE,1676581397724240211,DF:DF:EE:00:00:02,-72
BLE,1676581397960359467,DF:DF:EE:00:00:03,-69
BLE,1676581398001764420,DF:DF:EE:00:00:04,-76
BLE,1676581398081747905,DF:DF:EE:00:00:05,-61
BLE,1676581398184452423,DF:DF:EE:00:00:02,-73
BLE,1676581398463318989,DF:DF:EE:00:00:04,-78
BLE,1676581398684573692,DF:DF:EE:00:00:01,-69
BLE,1676581398731408323,DF:DF:EE:00:00:02,-75
BLE,1676581398970333875,DF:DF:EE:00:00:03,-69
BLE,1676581399113133156,DF:DF:EE:00:00:05,-60
BLE,1676581399186671851,DF:DF:EE:00:00:02,-72
BLE,1676581399463483444,DF:DF:EE:00:00:04,-75
BLE,1676581399691665930,DF:DF:EE:00:00:01,-67
BLE,1676581399967905073,DF:DF:EE:00:00:03,-69
BLE,1676581400000690807,DF:DF:EE:00:00:04,-75
BLE,1676581400106762947,DF:DF:EE:00:00:05,-61
BLE,1676581400184118717,DF:DF:EE:00:00:02,-72
BLE,1676581400465504083,DF:DF:EE:00:00:04,-78
BLE,1676581400689603998,DF:DF:EE:00:00:01,-70
BLE,1676581400726967213,DF:DF:EE:00:00:02,-73
BLE,1676581401003804598,DF:DF:EE:00:00:04,-78
BLE,1676581401118042297,DF:DF:EE:00:00:05,-60
BLE,1676581401190405383,DF:DF:EE:00:00:02,-72
BLE,1676581401463571149,DF:DF:EE:00:00:04,-61
BLE,1676581401685698715,DF:DF:EE:00:00:01,-67
BLE,1676581401729210390,DF:DF:EE:00:00:02,-72
BLE,1676581401961822234,DF:DF:EE:00:00:03,-69
BLE,1676581402001959246,DF:DF:EE:00:00:04,-75
BLE,1676581402191945944,DF:DF:EE:00:00:02,-72
BLE,1676581402464027184,DF:DF:EE:00:00:04,-78
BLE,1676581402684132735,DF:DF:EE:00:00:01,-67
BLE,1676581402728082987,DF:DF:EE:00:00:02,-73
BLE,1676581402962893427,DF:DF:EE:00:00:03,-69
BLE,1676581402999391362,DF:DF:EE:00:00:04,-75
BLE,1676581403186904968,DF:DF:EE:00:00:02,-76
BLE,1676581403463721312,DF:DF:EE:00:00:04,-75
BLE,1676581403688890254,DF:DF:EE:00:00:01,-67
BLE,1676581403722274813,DF:DF:EE:00:00:02,-73
BLE,1676581403965917594,DF:DF:EE:00:00:03,-69
BLE,1676581404001825329,DF:DF:EE:00:00:04,-75
BLE,1676581404154328814,DF:DF:EE:00:00:05,-60
BLE,1676581404191257285,DF:DF:EE:00:00:02,-73
BLE,1676581404464147846,DF:DF:EE:00:00:04,-76
BLE,1676581404682106551,DF:DF:EE:00:00:01,-67
BLE,1676581404724783320,DF:DF:EE:00:00:02,-73
BLE,1676581404964594277,DF:DF:EE:00:00:03,-69
BLE,1676581405001285501,DF:DF:EE:00:00:04,-76
BLE,1676581405168055548,DF:DF:EE:00:00:05,-60
BLE,1676581405183082850,DF:DF:EE:00:00:02,-72
BLE,1676581405461870667,DF:DF:EE:00:00:04,-78
BLE,1676581405685025719,DF:DF:EE:00:00:01,-69
BLE,1676581405724309950,DF:DF:EE:00:00:02,-73
BLE,1676581405961388194,DF:DF:EE:00:00:03,-68
BLE,1676581406001297041,DF:DF:EE:00:00:04,-78
BLE,1676581406180550882,DF:DF:EE:00:00:05,-60
BLE,1676581406469560689,DF:DF:EE:00:00:04,-78
BLE,1676581406688209093,DF:DF:EE:00:00:01,-67
BLE,1676581406727702071,DF:DF:EE:00:00:02,-73
BLE,1676581406967071409,DF:DF:EE:00:00:03,-69
BLE,1676581407004842827,DF:DF:EE:00:00:04,-75
BLE,1676581407185572314,DF:DF:EE:00:00:05,-59
BLE,1676581407191081908,DF:DF:EE:00:00:02,-77
BLE,1676581407685810832,DF:DF:EE:00:00:01,-70
BLE,1676581407725076313,DF:DF:EE:00:00:02,-73
BLE,1676581407963049503,DF:DF:EE:00:00:03,-68
BLE,1676581408002922559,DF:DF:EE:00:00:04,-77
BLE,1676581408190448166,DF:DF:EE:00:00:02,-73
BLE,1676581408191757982,DF:DF:EE:00:00:05,-61
BLE,1676581408459184866,DF:DF:EE:00:00:04,-74
BLE,1676581408691758377,DF:DF:EE:00:00:01,-67
BLE,1676581408726931246,DF:DF:EE:00:00:02,-58
BLE,1676581408968654011,DF:DF:EE:00:00:03,-69
BLE,1676581409000760628,DF:DF:EE:00:00:04,-75
BLE,1676581409184509159,DF:DF:EE:00:00:02,-73
BLE,1676581409209291249,DF:DF:EE:00:00:05,-59
BLE,1676581409688080383,DF:DF:EE:00:00:01,-70
BLE,1676581409720786909,DF:DF:EE:00:00:02,-72
BLE,1676581409965876171,DF:DF:EE:00:00:03,-68
BLE,1676581410002662560,DF:DF:EE:00:00:04,-77
BLE,1676581410184921236,DF:DF:EE:00:00:02,-75
BLE,1676581410215539873,DF:DF:EE:00:00:05,-61
BLE,1676581410460716385,DF:DF:EE:00:00:04,-75
BLE,1676581410962014013,DF:DF:EE:00:00:03,-69
BLE,1676581411002041234,DF:DF:EE:00:00:04,-75
BLE,1676581411181927691,DF:DF:EE:00:00:02,-72
BLE,1676581411228209288,DF:DF:EE:00:00:05,-62
BLE,1676581411692721319,DF:DF:EE:00:00:01,-70
BLE,1676581411724592231,DF:DF:EE:00:00:02,-73
BLE,1676581411961838097,DF:DF:EE:00:00:03,-69
BLE,1676581412184672820,DF:DF:EE:00:00:02,-75
BLE,1676581412236894464,DF:DF:EE:00:00:05,-61
BLE,1676581412467720540,DF:DF:EE:00:00:04,-75
BLE,1676581412726633995,DF:DF:EE:00:00:02,-75
BLE,1676581412966948445,DF:DF:EE:00:00:03,-69
BLE,1676581413184674944,DF:DF:EE:00:00:02,-73
BLE,1676581413463085850,DF:DF:EE:00:00:04,-75
BLE,1676581413722395050,DF:DF:EE:00:00:02,-72
BLE,1676581413999742511,DF:DF:EE:00:00:04,-76
BLE,1676581414189994331,DF:DF:EE:00:00:02,-75
BLE,1676581414464947699,DF:DF:EE:00:00:04,-61
BLE,1676581414683685810,DF:DF:EE:00:00:01,-70
BLE,1676581414728245554,DF:DF:EE:00:00:02,-75
BLE,1676581414960806982,DF:DF:EE:00:00:03,-70
BLE,1676581415005236770,DF:DF:EE:00:00:04,-75
BLE,1676581415186435835,DF:DF:EE:00:00:02,-73
BLE,1676581415458409284,DF:DF:EE:00:00:04,-75
BLE,1676581415683312938,DF:DF:EE:00:00:01,-67
BLE,1676581415969371743,DF:DF:EE:00:00:03,-70
BLE,1676581416005874094,DF:DF:EE:00:00:04,-76
BLE,1676581416183145086,DF:DF:EE:00:00:02,-72
BLE,1676581416283079974,DF:DF:EE:00:00:05,-60
BLE,1676581416462101068,DF:DF:EE:00:00:04,-77
BLE,1676581416688119040,DF:DF:EE:00:00:01,-70
BLE,1676581416724534976,DF:DF:EE:00:00:02,-73
BLE,1676581417293085299,DF:DF:EE:00:00:05,-60
BLE,1676581417466848921,DF:DF:EE:00:00:04,-62
BLE,1676581417685247494,DF:DF:EE:00:00:01,-67
BLE,1676581417725300173,DF:DF:EE:00:00:02,-75
BLE,1676581417966857191,DF:DF:EE:00:00:03,-69
BLE,1676581417997835156,DF:DF:EE:00:00:04,-76
BLE,1676581418184546607,DF:DF:EE:00:00:02,-73
BLE,1676581418311817467,DF:DF:EE:00:00:05,-62
BLE,1676581418689820641,DF:DF:EE:00:00:01,-69
BLE,1676581418730008485,DF:DF:EE:00:00:02,-73
BLE,1676581418965193586,DF:DF:EE:00:00:03,-69
BLE,1676581419007512361,DF:DF:EE:00:00:04,-78
BLE,1676581419186550662,DF:DF:EE:00:00:02,-60
BLE,1676581419316789234,DF:DF:EE:00:00:05,-60
BLE,1676581419461723028,DF:DF:EE:00:00:04,-76
BLE,1676581419689420270,DF:DF:EE:00:00:01,-53
BLE,1676581419966072699,DF:DF:EE:00:00:03,-69
BLE,1676581420000347496,DF:DF:EE:00:00:04,-76
BLE,1676581420188804965,DF:DF:EE:00:00:02,-72
BLE,1676581420330482927,DF:DF:EE:00:00:05,-60
BLE,1676581420467249495,DF:DF:EE:00:00:04,-77
BLE,1676581420691762571,DF:DF:EE:00:00:01,-70
BLE,1676581420724178434,DF:DF:EE:00:00:02,-72
BLE,1676581421008391639,DF:DF:EE:00:00:04,-78
BLE,1676581421184933015,DF:DF:EE:00:00:02,-76
BLE,1676581421339096228,DF:DF:EE:00:00:05,-59
BLE,1676581421722643037,DF:DF:EE:00:00:02,-72
BLE,1676581421968491789,DF:DF:EE:00:00:03,-68
BLE,1676581422004733311,DF:DF:EE:00:00:04,-74
BLE,1676581422186544701,DF:DF:EE:00:00:02,-73
BLE,1676581422347982901,DF:DF:EE:00:00:05,-44
BLE,1676581422462603137,DF:DF:EE:00:00:04,-75
BLE,1676581422689404517,DF:DF:EE:00:00:01,-67
BLE,1676581422730902718,DF:DF:EE:00:00:02,-72
BLE,1676581422965872448,DF:DF:EE:00:00:03,-55
BLE,1676581422997339490,DF:DF:EE:00:00:04,-75
BLE,1676581423359391833,DF:DF:EE:00:00:05,-59
BLE,1676581423689800635,DF:DF:EE:00:00:01,-67
BLE,1676581423728016047,DF:DF:EE:00:00:02,-76
BLE,1676581423964314676,DF:DF:EE:00:00:03,-70
BLE,1676581424189114123,DF:DF:EE:00:00:02,-73
BLE,1676581424374202803,DF:DF:EE:00:00:05,-59
BLE,1676581424464714691,DF:DF:EE:00:00:04,-76
BLE,1676581424681280330,DF:DF:EE:00:00:01,-67
BLE,1676581424728391791,DF:DF:EE:00:00:02,-74
BLE,1676581425005652212,DF:DF:EE:00:00:04,-76
BLE,1676581425192972529,DF:DF:EE:00:00:02,-76
BLE,1676581425385448653,DF:DF:EE:00:00:05,-59
BLE,1676581425462227222,DF:DF:EE:00:00:04,-78
BLE,1676581425686131848,DF:DF:EE:00:00:01,-71
BLE,1676581425726016696,DF:DF:EE:00:00:02,-73
BLE,1676581426394144995,DF:DF:EE:00:00:05,-61
BLE,1676581426462853129,DF:DF:EE:00:00:04,-74
BLE,1676581426692053185,DF:DF:EE:00:00:01,-68
BLE,1676581426727498634,DF:DF:EE:00:00:02,-73
BLE,1676581426960195143,DF:DF:EE:00:00:03,-69
BLE,1676581427000375529,DF:DF:EE:00:00:04,-75
BLE,1676581427186130367,DF:DF:EE:00:00:02,-72
BLE,1676581427410465070,DF:DF:EE:00:00:05,-59
BLE,1676581427467976894,DF:DF:EE:00:00:04,-78
BLE,1676581427691120238,DF:DF:EE:00:00:01,-69
BLE,1676581427726159900,DF:DF:EE:00:00:02,-73
BLE,1676581427967511212,DF:DF:EE:00:00:03,-69
BLE,1676581428002400334,DF:DF:EE:00:00:04,-77
BLE,1676581428424251720,DF:DF:EE:00:00:05,-59
BLE,1676581428461021360,DF:DF:EE:00:00:04,-75
BLE,1676581428692167223,DF:DF:EE:00:00:01,-67
BLE,1676581428726062109,DF:DF:EE:00:00:02,-75
BLE,1676581429002395375,DF:DF:EE:00:00:04,-74
BLE,1676581429187784926,DF:DF:EE:00:00:02,-73
BLE,1676581429430522095,DF:DF:EE:00:00:05,-62
BLE,1676581429468661841,DF:DF:EE:00:00:04,-77
BLE,1676581429690659158,DF:DF:EE:00:00:01,-70
BLE,1676581429730123470,DF:DF:EE:00:00:02,-72
BLE,1676581429964702538,DF:DF:EE:00:00:03,-69
BLE,1676581430001049433,DF:DF:EE:00:00:04,-75
BLE,1676581430186233529,DF:DF:EE:00:00:02,-76
BLE,1676581430688629309,DF:DF:EE:00:00:01,-67
BLE,1676581430722777150,DF:DF:EE:00:00:02,-73
BLE,1676581430962981727,DF:DF:EE:00:00:03,-67
BLE,1676581431004270973,DF:DF:EE:00:00:04,-75
BLE,1676581431188086711,DF:DF:EE:00:00:02,-72
BLE,1676581431454265654,DF:DF:EE:00:00:05,-61
BLE,1676581431461799888,DF:DF:EE:00:00:04,-62
BLE,1676581431693142582,DF:DF:EE:00:00:01,-53
BLE,1676581431724803080,DF:DF:EE:00:00:02,-72
BLE,1676581431959236442,DF:DF:EE:00:00:03,-69
BLE,1676581432006853021,DF:DF:EE:00:00:04,-78
BLE,1676581432189331444,DF:DF:EE:00:00:02,-62
BLE,1676581432461188228,DF:DF:EE:00:00:04,-77
BLE,1676581432465516296,DF:DF:EE:00:00:05,-47
BLE,1676581432683978368,DF:DF:EE:00:00:01,-53
BLE,1676581432727763873,DF:DF:EE:00:00:02,-77
BLE,1676581433189370900,DF:DF:EE:00:00:02,-60
BLE,1676581433458574053,DF:DF:EE:00:00:04,-75
BLE,1676581433476741646,DF:DF:EE:00:00:05,-48
BLE,1676581433684813564,DF:DF:EE:00:00:01,-51
BLE,1676581433969361389,DF:DF:EE:00:00:03,-70
BLE,1676581434000290230,DF:DF:EE:00:00:04,-76
BLE,1676581434001769919,DF:DF:EE:00:00:04,-76
BLE,1676581434190182055,DF:DF:EE:00:00:02,-77
BLE,1676581434493001847,DF:DF:EE:00:00:05,-62
BLE,1676581434726364264,DF:DF:EE:00:00:02,-73
BLE,1676581434962493728,DF:DF:EE:00:00:03,-69
BLE,1676581435000781681,DF:DF:EE:00:00:04,-78
BLE,1676581435465707998,DF:DF:EE:00:00:04,-76
BLE,1676581435510514656,DF:DF:EE:00:00:05,-59
BLE,1676581435689517166,DF:DF:EE:00:00:01,-67
BLE,1676581435728692357,DF:DF:EE:00:00:02,-73
BLE,1676581435967186790,DF:DF:EE:00:00:03,-54
BLE,1676581436000327394,DF:DF:EE:00:00:04,-76
BLE,1676581436181735581,DF:DF:EE:00:00:02,-72
BLE,1676581436524096017,DF:DF:EE:00:00:05,-59
BLE,1676581436684809227,DF:DF:EE:00:00:01,-51
BLE,1676581436727276416,DF:DF:EE:00:00:02,-73
BLE,1676581436998669998,DF:DF:EE:00:00:04,-62
BLE,1676581437467568263,DF:DF:EE:00:00:04,-75
BLE,1676581437529110908,DF:DF:EE:00:00:05,-61
BLE,1676581437687872269,DF:DF:EE:00:00:01,-65
BLE,1676581437729931505,DF:DF:EE:00:00:02,-73
BLE,1676581437957886536,DF:DF:EE:00:00:03,-66
BLE,1676581438000977675,DF:DF:EE:00:00:04,-76
BLE,1676581438187565960,DF:DF:EE:00:00:02,-73
BLE,1676581438466202654,DF:DF:EE:00:00:04,-77
BLE,1676581438541604492,DF:DF:EE:00:00:05,-61
BLE,1676581438683400910,DF:DF:EE:00:00:01,-67
BLE,1676581438728283276,DF:DF:EE:00:00:02,-73
BLE,1676581438962288185,DF:DF:EE:00:00:03,-69
BLE,1676581439189665931,DF:DF:EE:00:00:02,-75
BLE,1676581439552993757,DF:DF:EE:00:00:05,-62
BLE,1676581439727321454,DF:DF:EE:00:00:02,-75
BLE,1676581439960800203,DF:DF:EE:00:00:03,-69
BLE,1676581440006346685,DF:DF:EE:00:00:04,-75
BLE,1676581440185143990,DF:DF:EE:00:00:02,-72
BLE,1676581440468772368,DF:DF:EE:00:00:04,-77
BLE,1676581440683096704,DF:DF:EE:00:00:01,-52
BLE,1676581440725009525,DF:DF:EE:00:00:02,-73
BLE,1676581440960604788,DF:DF:EE:00:00:03,-69
BLE,1676581441001875368,DF:DF:EE:00:00:04,-75
BLE,1676581441189692345,DF:DF:EE:00:00:02,-77
BLE,1676581441465383453,DF:DF:EE:00:00:04,-74
BLE,1676581441724499281,DF:DF:EE:00:00:02,-73
BLE,1676581442000756256,DF:DF:EE:00:00:04,-77
BLE,1676581442188959770,DF:DF:EE:00:00:02,-72
BLE,1676581442469468482,DF:DF:EE:00:00:04,-77
BLE,1676581442579069701,DF:DF:EE:00:00:05,-59
BLE,1676581442685181757,DF:DF:EE:00:00:01,-67
BLE,1676581442686717404,DF:DF:EE:00:00:01,-68
BLE,1676581442727851402,DF:DF:EE:00:00:02,-73
BLE,1676581442967708775,DF:DF:EE:00:00:03,-70
BLE,1676581443002589814,DF:DF:EE:00:00:04,-76
BLE,1676581443183280303,DF:DF:EE:00:00:02,-73
BLE,1676581443462501906,DF:DF:EE:00:00:04,-77
BLE,1676581443592869017,DF:DF:EE:00:00:05,-59
BLE,1676581443687097147,DF:DF:EE:00:00:01,-71
BLE,1676581443726877080,DF:DF:EE:00:00:02,-72
BLE,1676581444188759187,DF:DF:EE:00:00:02,-72
BLE,1676581444467021970,DF:DF:EE:00:00:04,-76
BLE,1676581444610266786,DF:DF:EE:00:00:05,-60
BLE,1676581444686997023,DF:DF:EE:00:00:01,-67
BLE,1676581444969752829,DF:DF:EE:00:00:03,-69
BLE,1676581444997381631,DF:DF:EE:00:00:04,-75
BLE,1676581445184971486,DF:DF:EE:00:00:02,-73
BLE,1676581445620248320,DF:DF:EE:00:00:05,-45
BLE,1676581445687741387,DF:DF:EE:00:00:01,-53
BLE,1676581445721404192,DF:DF:EE:00:00:02,-72
BLE,1676581446002443771,DF:DF:EE:00:00:04,-63
BLE,1676581446183734293,DF:DF:EE:00:00:02,-76
BLE,1676581446632739237,DF:DF:EE:00:00:05,-46
BLE,1676581446687564346,DF:DF:EE:00:00:01,-51
BLE,1676581446960849944,DF:DF:EE:00:00:03,-68
BLE,1676581447182390768,DF:DF:EE:00:00:02,-73
BLE,1676581447467754290,DF:DF:EE:00:00:04,-78
BLE,1676581447637744128,DF:DF:EE:00:00:05,-59
BLE,1676581447682420496,DF:DF:EE:00:00:01,-67
BLE,1676581447720327745,DF:DF:EE:00:00:02,-72
BLE,1676581447998264282,DF:DF:EE:00:00:04,-75
BLE,1676581448185347894,DF:DF:EE:00:00:02,-76
BLE,1676581448646481636,DF:DF:EE:00:00:05,-62
BLE,1676581448689836189,DF:DF:EE:00:00:01,-67
BLE,1676581448729629121,DF:DF:EE:00:00:02,-76
BLE,1676581448961329602,DF:DF:EE:00:00:03,-68
BLE,1676581449006203593,DF:DF:EE:00:00:04,-76
BLE,1676581449185175104,DF:DF:EE:00:00:02,-73
BLE,1676581449467557790,DF:DF:EE:00:00:04,-78
BLE,1676581449685327497,DF:DF:EE:00:00:01,-67
BLE,1676581449723285204,DF:DF:EE:00:00:02,-73
BLE,1676581449962772624,DF:DF:EE:00:00:03,-69
BLE,1676581450001546987,DF:DF:EE:00:00:04,-76
BLE,1676581450182124393,DF:DF:EE:00:00:02,-73
BLE,1676581450461544994,DF:DF:EE:00:00:04,-77
BLE,1676581450676435905,DF:DF:EE:00:00:05,-45
BLE,1676581450687400677,DF:DF:EE:00:00:01,-54
BLE,1676581450724076442,DF:DF:EE:00:00:02,-73
BLE,1676581450961397266,DF:DF:EE:00:00:03,-69
BLE,1676581451004605362,DF:DF:EE:00:00:04,-75
BLE,1676581451464969947,DF:DF:EE:00:00:04,-76
BLE,1676581451682710404,DF:DF:EE:00:00:05,-62
BLE,1676581451691444164,DF:DF:EE:00:00:01,-67
BLE,1676581451968501087,DF:DF:EE:00:00:03,-70
BLE,1676581452192372380,DF:DF:EE:00:00:02,-79
BLE,1676581452688929654,DF:DF:EE:00:00:01,-70
BLE,1676581452696494596,DF:DF:EE:00:00:05,-63
BLE,1676581452725666461,DF:DF:EE:00:00:02,-80
BLE,1676581452966166117,DF:DF:EE:00:00:03,-70
BLE,1676581453005175935,DF:DF:EE:00:00:04,-81
BLE,1676581453466407551,DF:DF:EE:00:00:04,-76
BLE,1676581453682936232,DF:DF:EE:00:00:01,-43
BLE,1676581453710232122,DF:DF:EE:00:00:05,-66
BLE,1676581453729134289,DF:DF:EE:00:00:02,-68
BLE,1676581453963983561,DF:DF:EE:00:00:03,-69
BLE,1676581454001342693,DF:DF:EE:00:00:04,-75
BLE,1676581454188987048,DF:DF:EE:00:00:02,-85
BLE,1676581454461015621,DF:DF:EE:00:00:04,-75
BLE,1676581454687745168,DF:DF:EE:00:00:01,-58
BLE,1676581454718951505,DF:DF:EE:00:00:05,-61
BLE,1676581454722260837,DF:DF:EE:00:00:02,-89
BLE,1676581454966010033,DF:DF:EE:00:00:03,-69
BLE,1676581455006318709,DF:DF:EE:00:00:04,-77
BLE,1676581455687856165,DF:DF:EE:00:00:01,-65
BLE,1676581455725661874,DF:DF:EE:00:00:02,-75
BLE,1676581455959196789,DF:DF:EE:00:00:03,-70
BLE,1676581456001024945,DF:DF:EE:00:00:04,-84
BLE,1676581456191345931,DF:DF:EE:00:00:02,-82
BLE,1676581456468856765,DF:DF:EE:00:00:04,-69
BLE,1676581456721355596,DF:DF:EE:00:00:02,-64
BLE,1676581456743930506,DF:DF:EE:00:00:05,-65
BLE,1676581456962851156,DF:DF:EE:00:00:03,-58
BLE,1676581457007827854,DF:DF:EE:00:00:04,-67
BLE,1676581457186796490,DF:DF:EE:00:00:02,-65
BLE,1676581457460842745,DF:DF:EE:00:00:04,-68
BLE,1676581457690250631,DF:DF:EE:00:00:01,-58
BLE,1676581457726624359,DF:DF:EE:00:00:02,-68
BLE,1676581457966456857,DF:DF:EE:00:00:03,-62
BLE,1676581458004407273,DF:DF:EE:00:00:04,-69
BLE,1676581458460355958,DF:DF:EE:00:00:04,-71
BLE,1676581458689884343,DF:DF:EE:00:00:01,-61
BLE,1676581458722334623,DF:DF:EE:00:00:02,-67
BLE,1676581458964993709,DF:DF:EE:00:00:03,-72
BLE,1676581459185303632,DF:DF:EE:00:00:02,-84
BLE,1676581459463225877,DF:DF:EE:00:00:04,-74
BLE,1676581459684152209,DF:DF:EE:00:00:01,-67
BLE,1676581459727280889,DF:DF:EE:00:00:02,-74
BLE,1676581459999212839,DF:DF:EE:00:00:04,-75
BLE,1676581460184922178,DF:DF:EE:00:00:02,-77
BLE,1676581460465142101,DF:DF:EE:00:00:04,-86
BLE,1676581460687970116,DF:DF:EE:00:00:01,-75
BLE,1676581460726230152,DF:DF:EE:00:00:02,-82
BLE,1676581460787915712,DF:DF:EE:00:00:05,-73
BLE,1676581460957926050,DF:DF:EE:00:00:03,-79
BLE,1676581460999024549,DF:DF:EE:00:00:04,-84
BLE,1676581461682533395,DF:DF:EE:00:00:01,-76
BLE,1676581461726570105,DF:DF:EE:00:00:02,-86
BLE,1676581462005958331,DF:DF:EE:00:00:04,-99
BLE,1676581462459488590,DF:DF:EE:00:00:04,-91
BLE,1676581462683851335,DF:DF:EE:00:00:01,-83
BLE,1676581462724104886,DF:DF:EE:00:00:02,-85
BLE,1676581462814092906,DF:DF:EE:00:00:05,-87
BLE,1676581462957392888,DF:DF:EE:00:00:03,-83
BLE,1676581463181495053,DF:DF:EE:00:00:02,-92
BLE,1676581463458818348,DF:DF:EE:00:00:04,-98
BLE,1676581463691021905,DF:DF:EE:00:00:01,-78
BLE,1676581463725310661,DF:DF:EE:00:00:02,-89
BLE,1676581463961857161,DF:DF:EE:00:00:03,-77
BLE,1676581463996938406,DF:DF:EE:00:00:04,-95
BLE,1676581464183937227,DF:DF:EE:00:00:02,-86
BLE,1676581464462899959,DF:DF:EE:00:00:04,-90
BLE,1676581464729809100,DF:DF:EE:00:00:02,-83
BLE,1676581464835378789,DF:DF:EE:00:00:05,-82
BLE,1676581464957795089,DF:DF:EE:00:00:03,-82
BLE,1676581465000145446,DF:DF:EE:00:00:04,-91
BLE,1676581465185589663,DF:DF:EE:00:00:02,-83
BLE,1676581465187102101,DF:DF:EE:00:00:02,-87
BLE,1676581465461836514,DF:DF:EE:00:00:04,-96
BLE,1676581465681174700,DF:DF:EE:00:00:01,-78
BLE,1676581465725542072,DF:DF:EE:00:00:02,-84
BLE,1676581465850316799,DF:DF:EE:00:00:05,-89
BLE,1676581465963924798,DF:DF:EE:00:00:03,-77
BLE,1676581466007508722,DF:DF:EE:00:00:04,-85
BLE,1676581466190274475,DF:DF:EE:00:00:02,-85
BLE,1676581466723319975,DF:DF:EE:00:00:02,-88
BLE,1676581466860356707,DF:DF:EE:00:00:05,-89
BLE,1676581466966137226,DF:DF:EE:00:00:03,-86
BLE,1676581467003285944,DF:DF:EE:00:00:04,-89
BLE,1676581467182911238,DF:DF:EE:00:00:02,-84
BLE,1676581467458277308,DF:DF:EE:00:00:04,-90
BLE,1676581467687677487,DF:DF:EE:00:00:01,-81
BLE,1676581467723756760,DF:DF:EE:00:00:02,-85
BLE,1676581467874072024,DF:DF:EE:00:00:05,-89
BLE,1676581467962482440,DF:DF:EE:00:00:03,-77
BLE,1676581467995467962,DF:DF:EE:00:00:04,-90
BLE,1676581468187370053,DF:DF:EE:00:00:02,-85
BLE,1676581468466597739,DF:DF:EE:00:00:04,-89
BLE,1676581468722439234,DF:DF:EE:00:00:02,-93
BLE,1676581468882794825,DF:DF:EE:00:00:05,-83
BLE,1676581468959951514,DF:DF:EE:00:00:03,-80
BLE,1676581469005311165,DF:DF:EE:00:00:04,-89
BLE,1676581469460838689,DF:DF:EE:00:00:04,-89
BLE,1676581469687495945,DF:DF:EE:00:00:01,-77
BLE,1676581469729119728,DF:DF:EE:00:00:02,-82
BLE,1676581469887806049,DF:DF:EE:00:00:05,-85
BLE,1676581469958818569,DF:DF:EE:00:00:03,-83
BLE,1676581469999288285,DF:DF:EE:00:00:04,-89
BLE,1676581470191809616,DF:DF:EE:00:00:02,-92
BLE,1676581470464890009,DF:DF:EE:00:00:04,-88
BLE,1676581470686656663,DF:DF:EE:00:00:01,-84
BLE,1676581470730620332,DF:DF:EE:00:00:02,-91
BLE,1676581470900215050,DF:DF:EE:00:00:05,-84
BLE,1676581470962685475,DF:DF:EE:00:00:03,-81
BLE,1676581470998020967,DF:DF:EE:00:00:04,-93
BLE,1676581471188046332,DF:DF:EE:00:00:02,-83
BLE,1676581471461613801,DF:DF:EE:00:00:04,-89
BLE,1676581471686226584,DF:DF:EE:00:00:01,-75
BLE,1676581471915408015,DF:DF:EE:00:00:05,-82
BLE,1676581471998407544,DF:DF:EE:00:00:04,-88
BLE,1676581472189264648,DF:DF:EE:00:00:02,-84
BLE,1676581472466990854,DF:DF:EE:00:00:04,-88
BLE,1676581472688767716,DF:DF:EE:00:00:01,-82
BLE,1676581472726832505,DF:DF:EE:00:00:02,-85
BLE,1676581472921902553,DF:DF:EE:00:00:05,-83
BLE,1676581473004236716,DF:DF:EE:00:00:04,-86
BLE,1676581473683767823,DF:DF:EE:00:00:01,-77
BLE,1676581473727487329,DF:DF:EE:00:00:02,-84
BLE,1676581473959161768,DF:DF:EE:00:00:03,-80
BLE,1676581474182524318,DF:DF:EE:00:00:02,-83
BLE,1676581474461236136,DF:DF:EE:00:00:04,-95
BLE,1676581474685755129,DF:DF:EE:00:00:01,-79
BLE,1676581474723216717,DF:DF:EE:00:00:02,-82
BLE,1676581474995594369,DF:DF:EE:00:00:04,-90
BLE,1676581475183465721,DF:DF:EE:00:00:02,-87
BLE,1676581475459437159,DF:DF:EE:00:00:04,-85
BLE,1676581475684325646,DF:DF:EE:00:00:01,-79
BLE,1676581475966990663,DF:DF:EE:00:00:03,-85
BLE,1676581476000648551,DF:DF:EE:00:00:04,-85
BLE,1676581476465623118,DF:DF:EE:00:00:04,-93
BLE,1676581476689298246,DF:DF:EE:00:00:01,-78
BLE,1676581476723244798,DF:DF:EE:00:00:02,-70
BLE,1676581476958110654,DF:DF:EE:00:00:03,-84
BLE,1676581476970369992,DF:DF:EE:00:00:05,-85
BLE,1676581476996854975,DF:DF:EE:00:00:04,-88
BLE,1676581477182046946,DF:DF:EE:00:00:02,-84
BLE,1676581477459565946,DF:DF:EE:00:00:04,-87
BLE,1676581477725924345,DF:DF:EE:00:00:02,-84
BLE,1676581478001742201,DF:DF:EE:00:00:04,-87
BLE,1676581478189789342,DF:DF:EE:00:00:02,-82
BLE,1676581478456898647,DF:DF:EE:00:00:04,-89
BLE,1676581478683845524,DF:DF:EE:00:00:01,-75
BLE,1676581478996602018,DF:DF:EE:00:00:05,-83
BLE,1676581478997990750,DF:DF:EE:00:00:04,-90
BLE,1676581479187551037,DF:DF:EE:00:00:02,-84
BLE,1676581479457927799,DF:DF:EE:00:00:04,-92
BLE,1676581479690973137,DF:DF:EE:00:00:01,-80
BLE,1676581479726757998,DF:DF:EE:00:00:02,-85
BLE,1676581480001938030,DF:DF:EE:00:00:04,-87
BLE,1676581480011667901,DF:DF:EE:00:00:05,-84
BLE,1676581480190165418,DF:DF:EE:00:00:02,-84
BLE,1676581480459796856,DF:DF:EE:00:00:04,-90
BLE,1676581480690715390,DF:DF:EE:00:00:01,-77
BLE,1676581480962295094,DF:DF:EE:00:00:03,-84
BLE,1676581481000106886,DF:DF:EE:00:00:04,-90
BLE,1676581481032698205,DF:DF:EE:00:00:05,-83
BLE,1676581481180659918,DF:DF:EE:00:00:02,-82
BLE,1676581481467593419,DF:DF:EE:00:00:04,-87
BLE,1676581481687945008,DF:DF:EE:00:00:01,-83
BLE,1676581481720831824,DF:DF:EE:00:00:02,-83
BLE,1676581481961070525,DF:DF:EE:00:00:03,-79
BLE,1676581482000414422,DF:DF:EE:00:00:04,-93
BLE,1676581482037697013,DF:DF:EE:00:00:05,-84
BLE,1676581482957805026,DF:DF:EE:00:00:03,-81
BLE,1676581483000852040,DF:DF:EE:00:00:04,-90
BLE,1676581483054150503,DF:DF:EE:00:00:05,-83
BLE,1676581483181947107,DF:DF:EE:00:00:02,-83
BLE,1676581483455843030,DF:DF:EE:00:00:04,-88
BLE,1676581483998076868,DF:DF:EE:00:00:04,-92
BLE,1676581484062728514,DF:DF:EE:00:00:05,-85
BLE,1676581484189690920,DF:DF:EE:00:00:02,-87
BLE,1676581484684478884,DF:DF:EE:00:00:01,-79
BLE,1676581484721966472,DF:DF:EE:00:00:02,-85
BLE,1676581484960909524,DF:DF:EE:00:00:03,-80
BLE,1676581485072824171,DF:DF:EE:00:00:05,-84
BLE,1676581485190750030,DF:DF:EE:00:00:02,-85
BLE,1676581485464460039,DF:DF:EE:00:00:04,-92
BLE,1676581485689446275,DF:DF:EE:00:00:01,-78
BLE,1676581485724355356,DF:DF:EE:00:00:02,-83
BLE,1676581485958672302,DF:DF:EE:00:00:03,-81
BLE,1676581485996144974,DF:DF:EE:00:00:04,-88
BLE,1676581486085284172,DF:DF:EE:00:00:05,-86
BLE,1676581486461787698,DF:DF:EE:00:00:04,-87
BLE,1676581486688371788,DF:DF:EE:00:00:01,-79
BLE,1676581486727683644,DF:DF:EE:00:00:02,-86
BLE,1676581486960258530,DF:DF:EE:00:00:03,-80
BLE,1676581487183315750,DF:DF:EE:00:00:02,-85
BLE,1676581487459743182,DF:DF:EE:00:00:04,-89
BLE,1676581487691436997,DF:DF:EE:00:00:01,-80
BLE,1676581487727836974,DF:DF:EE:00:00:02,-84
BLE,1676581487965933246,DF:DF:EE:00:00:03,-77
BLE,1676581487999292847,DF:DF:EE:00:00:04,-91
BLE,1676581488184421026,DF:DF:EE:00:00:02,-88
BLE,1676581488462048526,DF:DF:EE:00:00:04,-84
BLE,1676581488686607393,DF:DF:EE:00:00:01,-77
BLE,1676581488723754194,DF:DF:EE:00:00:02,-89
BLE,1676581489004372237,DF:DF:EE:00:00:04,-84
BLE,1676581489115296772,DF:DF:EE:00:00:05,-69
BLE,1676581489461492157,DF:DF:EE:00:00:04,-89
BLE,1676581489690935459,DF:DF:EE:00:00:01,-80
BLE,1676581489957886600,DF:DF:EE:00:00:03,-80
BLE,1676581490000226707,DF:DF:EE:00:00:04,-89
BLE,1676581490120270621,DF:DF:EE:00:00:05,-85
BLE,1676581490188326264,DF:DF:EE:00:00:02,-87
BLE,1676581490686528266,DF:DF:EE:00:00:01,-80
BLE,1676581490728828041,DF:DF:EE:00:00:02,-87
BLE,1676581491134053563,DF:DF:EE:00:00:05,-85
BLE,1676581491683550138,DF:DF:EE:00:00:01,-64
BLE,1676581491960378564,DF:DF:EE:00:00:03,-81
BLE,1676581492002190845,DF:DF:EE:00:00:04,-79
BLE,1676581492181828681,DF:DF:EE:00:00:02,-83
BLE,1676581492466661793,DF:DF:EE:00:00:04,-87
BLE,1676581492688701610,DF:DF:EE:00:00:01,-78
BLE,1676581492720634855,DF:DF:EE:00:00:02,-70
BLE,1676581492964126805,DF:DF:EE:00:00:03,-65
BLE,1676581493000952736,DF:DF:EE:00:00:04,-80
BLE,1676581493155829523,DF:DF:EE:00:00:05,-69
BLE,1676581493190503065,DF:DF:EE:00:00:02,-87
BLE,1676581493458138613,DF:DF:EE:00:00:04,-88
BLE,1676581493689262977,DF:DF:EE:00:00:01,-77
BLE,1676581493729762858,DF:DF:EE:00:00:02,-86
BLE,1676581493962287287,DF:DF:EE:00:00:03,-80
BLE,1676581494165260689,DF:DF:EE:00:00:05,-86
BLE,1676581494184062191,DF:DF:EE:00:00:02,-84
BLE,1676581494680881461,DF:DF:EE:00:00:01,-80
BLE,1676581494725939283,DF:DF:EE:00:00:02,-84
BLE,1676581494956256782,DF:DF:EE:00:00:03,-78
BLE,1676581495000337991,DF:DF:EE:00:00:04,-87
BLE,1676581495182822664,DF:DF:EE:00:00:05,-82
BLE,1676581495684210916,DF:DF:EE:00:00:01,-70
BLE,1676581495726650022,DF:DF:EE:00:00:02,-85
BLE,1676581495964371215,DF:DF:EE:00:00:03,-76
BLE,1676581496000721652,DF:DF:EE:00:00:04,-82
BLE,1676581496197740549,DF:DF:EE:00:00:05,-69
BLE,1676581496688583190,DF:DF:EE:00:00:01,-67
BLE,1676581496722844405,DF:DF:EE:00:00:02,-70
BLE,1676581496965505782,DF:DF:EE:00:00:03,-68
BLE,1676581496995907714,DF:DF:EE:00:00:04,-75
BLE,1676581497187268103,DF:DF:EE:00:00:02,-73
BLE,1676581497210243591,DF:DF:EE:00:00:05,-67
BLE,1676581497458167858,DF:DF:EE:00:00:04,-83
BLE,1676581497682296356,DF:DF:EE:00:00:01,-71
BLE,1676581497729096612,DF:DF:EE:00:00:02,-76
BLE,1676581497964447629,DF:DF:EE:00:00:03,-70
BLE,1676581498001706386,DF:DF:EE:00:00:04,-78
BLE,1676581498187952301,DF:DF:EE:00:00:02,-71
BLE,1676581498226408377,DF:DF:EE:00:00:05,-47
BLE,1676581498459795835,DF:DF:EE:00:00:04,-76
BLE,1676581498724735502,DF:DF:EE:00:00:02,-70
BLE,1676581498965724611,DF:DF:EE:00:00:03,-75
BLE,1676581499004095187,DF:DF:EE:00:00:04,-77
BLE,1676581499188506959,DF:DF:EE:00:00:02,-75
BLE,1676581499238907919,DF:DF:EE:00:00:05,-65
BLE,1676581499456192798,DF:DF:EE:00:00:04,-75
BLE,1676581499685296980,DF:DF:EE:00:00:01,-69
BLE,1676581499728247246,DF:DF:EE:00:00:02,-74
BLE,1676581499957992045,DF:DF:EE:00:00:03,-70
BLE,1676581499999816701,DF:DF:EE:00:00:04,-84
BLE,1676581500185968158,DF:DF:EE:00:00:02,-70
BLE,1676581500247690468,DF:DF:EE:00:00:05,-65
BLE,1676581500459244174,DF:DF:EE:00:00:04,-80
BLE,1676581500689810420,DF:DF:EE:00:00:01,-69
BLE,1676581500722904482,DF:DF:EE:00:00:02,-71
BLE,1676581500956826892,DF:DF:EE:00:00:03,-72
BLE,1676581501180903308,DF:DF:EE:00:00:02,-75
BLE,1676581501258979151,DF:DF:EE:00:00:05,-66
BLE,1676581501460602279,DF:DF:EE:00:00:04,-84
BLE,1676581501685826846,DF:DF:EE:00:00:01,-72
BLE,1676581501961248166,DF:DF:EE:00:00:03,-77
BLE,1676581501995521380,DF:DF:EE:00:00:04,-80
BLE,1676581502186335318,DF:DF:EE:00:00:02,-74
BLE,1676581502459584417,DF:DF:EE:00:00:04,-86
BLE,1676581502726212895,DF:DF:EE:00:00:02,-73
BLE,1676581502958656824,DF:DF:EE:00:00:03,-73
BLE,1676581503183854349,DF:DF:EE:00:00:02,-76
BLE,1676581503281415186,DF:DF:EE:00:00:05,-66
BLE,1676581503457002241,DF:DF:EE:00:00:04,-80
BLE,1676581503686104548,DF:DF:EE:00:00:01,-70
BLE,1676581503725248406,DF:DF:EE:00:00:02,-75
BLE,1676581503957239508,DF:DF:EE:00:00:03,-78
BLE,1676581504001218469,DF:DF:EE:00:00:04,-84
BLE,1676581504186477730,DF:DF:EE:00:00:02,-78
BLE,1676581504293900103,DF:DF:EE:00:00:05,-66
BLE,1676581504461218643,DF:DF:EE:00:00:04,-85
BLE,1676581504683527581,DF:DF:EE:00:00:01,-66
BLE,1676581504722988518,DF:DF:EE:00:00:02,-78
BLE,1676581504998143759,DF:DF:EE:00:00:04,-86
BLE,1676581505187005097,DF:DF:EE:00:00:02,-75
BLE,1676581505306432936,DF:DF:EE:00:00:05,-67
BLE,1676581505466100619,DF:DF:EE:00:00:04,-85
BLE,1676581505682190098,DF:DF:EE:00:00:01,-69
BLE,1676581505960899708,DF:DF:EE:00:00:03,-77
BLE,1676581505996036119,DF:DF:EE:00:00:04,-81
BLE,1676581506181162923,DF:DF:EE:00:00:02,-75
BLE,1676581506313882128,DF:DF:EE:00:00:05,-68
BLE,1676581506461780425,DF:DF:EE:00:00:04,-82
BLE,1676581506686693954,DF:DF:EE:00:00:01,-65
BLE,1676581506720154928,DF:DF:EE:00:00:02,-75
BLE,1676581506996973230,DF:DF:EE:00:00:04,-85
BLE,1676581507190000097,DF:DF:EE:00:00:02,-75
BLE,1676581507328929803,DF:DF:EE:00:00:05,-70
BLE,1676581507459938281,DF:DF:EE:00:00:04,-80
BLE,1676581507689379917,DF:DF:EE:00:00:01,-68
BLE,1676581507722254483,DF:DF:EE:00:00:02,-72
BLE,1676581507958809900,DF:DF:EE:00:00:03,-73
BLE,1676581508003224938,DF:DF:EE:00:00:04,-81
BLE,1676581508188194703,DF:DF:EE:00:00:02,-78
BLE,1676581508340078197,DF:DF:EE:00:00:05,-71
BLE,1676581508463733022,DF:DF:EE:00:00:04,-89
BLE,1676581508690958270,DF:DF:EE:00:00:01,-51
BLE,1676581508729387804,DF:DF:EE:00:00:02,-64
BLE,1676581509003078022,DF:DF:EE:00:00:04,-77
BLE,1676581509184220504,DF:DF:EE:00:00:02,-75
BLE,1676581509357625964,DF:DF:EE:00:00:05,-51
BLE,1676581509457004276,DF:DF:EE:00:00:04,-91
BLE,1676581509686276831,DF:DF:EE:00:00:01,-54
BLE,1676581509960595915,DF:DF:EE:00:00:03,-74
BLE,1676581509998416707,DF:DF:EE:00:00:04,-78
BLE,1676581510184725163,DF:DF:EE:00:00:02,-65
BLE,1676581510462331954,DF:DF:EE:00:00:04,-86
BLE,1676581510683424076,DF:DF:EE:00:00:01,-56
BLE,1676581510966960872,DF:DF:EE:00:00:03,-79
BLE,1676581510994497841,DF:DF:EE:00:00:04,-70
BLE,1676581511182938269,DF:DF:EE:00:00:02,-78
BLE,1676581511722892136,DF:DF:EE:00:00:02,-78
BLE,1676581511963558082,DF:DF:EE:00:00:03,-75
BLE,1676581512001318750,DF:DF:EE:00:00:04,-89
BLE,1676581512183103307,DF:DF:EE:00:00:02,-75
BLE,1676581512383869072,DF:DF:EE:00:00:05,-66
BLE,1676581512464408591,DF:DF:EE:00:00:04,-72
BLE,1676581512690711435,DF:DF:EE:00:00:01,-71
BLE,1676581512961299778,DF:DF:EE:00:00:03,-78
BLE,1676581512997253761,DF:DF:EE:00:00:04,-82
BLE,1676581513190788080,DF:DF:EE:00:00:02,-72
BLE,1676581513462224202,DF:DF:EE:00:00:04,-85
BLE,1676581513687513226,DF:DF:EE:00:00:01,-65
BLE,1676581513726176716,DF:DF:EE:00:00:02,-78
BLE,1676581514002365526,DF:DF:EE:00:00:04,-75
BLE,1676581514187171418,DF:DF:EE:00:00:02,-76
BLE,1676581514405086498,DF:DF:EE:00:00:05,-67
BLE,1676581514459563695,DF:DF:EE:00:00:04,-83
BLE,1676581514689514990,DF:DF:EE:00:00:01,-70
BLE,1676581514728774138,DF:DF:EE:00:00:02,-75
BLE,1676581514963131209,DF:DF:EE:00:00:03,-77
BLE,1676581514997518963,DF:DF:EE:00:00:04,-81
BLE,1676581515190733453,DF:DF:EE:00:00:02,-72
BLE,1676581515413855505,DF:DF:EE:00:00:05,-66
BLE,1676581515464486587,DF:DF:EE:00:00:04,-85
BLE,1676581515684053061,DF:DF:EE:00:00:01,-70
BLE,1676581515719433844,DF:DF:EE:00:00:02,-76
BLE,1676581515961548396,DF:DF:EE:00:00:03,-65
BLE,1676581516005587981,DF:DF:EE:00:00:04,-71
BLE,1676581516185389939,DF:DF:EE:00:00:02,-68
BLE,1676581516683550609,DF:DF:EE:00:00:01,-65
BLE,1676581516727025909,DF:DF:EE:00:00:02,-71
BLE,1676581516963896322,DF:DF:EE:00:00:03,-71
BLE,1676581517186127720,DF:DF:EE:00:00:02,-86
BLE,1676581517426288089,DF:DF:EE:00:00:05,-83
BLE,1676581517460903590,DF:DF:EE:00:00:04,-91
BLE,1676581517683309944,DF:DF:EE:00:00:01,-84
BLE,1676581517726214419,DF:DF:EE:00:00:02,-90
BLE,1676581517963802072,DF:DF:EE:00:00:03,-102
BLE,1676581518000607503,DF:DF:EE:00:00:04,-95
BLE,1676581518185474685,DF:DF:EE:00:00:02,-82
BLE,1676581518441298431,DF:DF:EE:00:00:05,-81
BLE,1676581518458347789,DF:DF:EE:00:00:04,-100
BLE,1676581518687397597,DF:DF:EE:00:00:01,-86
BLE,1676581518729198545,DF:DF:EE:00:00:02,-97
BLE,1676581518959812457,DF:DF:EE:00:00:03,-79
BLE,1676581519001161077,DF:DF:EE:00:00:04,-101
BLE,1676581519185930762,DF:DF:EE:00:00:02,-100
BLE,1676581519461365748,DF:DF:EE:00:00:04,-93
BLE,1676581519722672922,DF:DF:EE:00:00:02,-96
BLE,1676581519959485460,DF:DF:EE:00:00:03,-91
BLE,1676581520189721919,DF:DF:EE:00:00:02,-90
BLE,1676581520688922616,DF:DF:EE:00:00:01,-86
BLE,1676581520726968239,DF:DF:EE:00:00:02,-85
BLE,1676581520962285714,DF:DF:EE:00:00:03,-87
BLE,1676581520997566289,DF:DF:EE:00:00:04,-90
BLE,1676581521184481653,DF:DF:EE:00:00:02,-94
BLE,1676581521457099469,DF:DF:EE:00:00:04,-94
BLE,1676581521687777255,DF:DF:EE:00:00:01,-87
BLE,1676581521727446273,DF:DF:EE:00:00:02,-89
BLE,1676581521958377972,DF:DF:EE:00:00:03,-94
BLE,1676581522186388169,DF:DF:EE:00:00:02,-96
BLE,1676581522681566836,DF:DF:EE:00:00:01,-84
BLE,1676581522994903572,DF:DF:EE:00:00:04,-103
BLE,1676581523182159390,DF:DF:EE:00:00:02,-95
BLE,1676581523688975362,DF:DF:EE:00:00:01,-93
BLE,1676581523966008036,DF:DF:EE:00:00:03,-89
BLE,1676581524191131229,DF:DF:EE:00:00:02,-89
BLE,1676581524508946281,DF:DF:EE:00:00:05,-89
BLE,1676581524683327810,DF:DF:EE:00:00:01,-86
BLE,1676581524956551826,DF:DF:EE:00:00:03,-80
BLE,1676581525184676354,DF:DF:EE:00:00:02,-89
BLE,1676581525521459822,DF:DF:EE:00:00:05,-92
BLE,1676581525684948871,DF:DF:EE:00:00:01,-89
BLE,1676581525964803549,DF:DF:EE:00:00:03,-90
BLE,1676581526190121406,DF:DF:EE:00:00:02,-98
BLE,1676581526535200431,DF:DF:EE:00:00:05,-92
BLE,1676581526681053463,DF:DF:EE:00:00:01,-91
BLE,1676581526727455600,DF:DF:EE:00:00:02,-100
BLE,1676581526960575979,DF:DF:EE:00:00:03,-88
BLE,1676581527541417348,DF:DF:EE:00:00:05,-98
BLE,1676581527956701446,DF:DF:EE:00:00:03,-96
BLE,1676581528184302106,DF:DF:EE:00:00:02,-91
BLE,1676581528546383906,DF:DF:EE:00:00:05,-95
BLE,1676581529189089833,DF:DF:EE:00:00:02,-95
BLE,1676581529689762178,DF:DF:EE:00:00:01,-85
BLE,1676581530464020909,DF:DF:EE:00:00:04,-98
BLE,1676581530561427122,DF:DF:EE:00:00:05,-96
BLE,1676581530690086714,DF:DF:EE:00:00:01,-85
BLE,1676581530966409439,DF:DF:EE:00:00:03,-96
BLE,1676581530995752676,DF:DF:EE:00:00:04,-98
BLE,1676581531188501630,DF:DF:EE:00:00:02,-93
BLE,1676581531572708638,DF:DF:EE:00:00:05,-96
BLE,1676581531687827868,DF:DF:EE:00:00:01,-78
BLE,1676581531721396508,DF:DF:EE:00:00:02,-96
BLE,1676581531994729314,DF:DF:EE:00:00:04,-98
BLE,1676581532456083095,DF:DF:EE:00:00:04,-95
BLE,1676581532578930347,DF:DF:EE:00:00:05,-95
BLE,1676581532688789229,DF:DF:EE:00:00:01,-93
BLE,1676581532722386743,DF:DF:EE:00:00:02,-83
BLE,1676581532963809971,DF:DF:EE:00:00:03,-89
BLE,1676581533003438031,DF:DF:EE:00:00:04,-97
BLE,1676581533188008009,DF:DF:EE:00:00:02,-96
BLE,1676581533458862348,DF:DF:EE:00:00:04,-84
BLE,1676581533585155805,DF:DF:EE:00:00:05,-94
BLE,1676581533690622370,DF:DF:EE:00:00:01,-75
BLE,1676581533721087926,DF:DF:EE:00:00:02,-89
BLE,1676581533994204360,DF:DF:EE:00:00:04,-97
BLE,1676581534185322377,DF:DF:EE:00:00:02,-86
BLE,1676581534598848373,DF:DF:EE:00:00:05,-93
BLE,1676581534726375647,DF:DF:EE:00:00:02,-84
BLE,1676581534964151797,DF:DF:EE:00:00:03,-88
BLE,1676581535186613567,DF:DF:EE:00:00:02,-94
BLE,1676581535454779567,DF:DF:EE:00:00:04,-92
BLE,1676581535608946863,DF:DF:EE:00:00:05,-94
BLE,1676581535681897650,DF:DF:EE:00:00:01,-86
BLE,1676581535725977984,DF:DF:EE:00:00:02,-93
BLE,1676581535959980185,DF:DF:EE:00:00:03,-94
BLE,1676581536183584023,DF:DF:EE:00:00:02,-83
BLE,1676581536463005623,DF:DF:EE:00:00:04,-91
BLE,1676581536621423739,DF:DF:EE:00:00:05,-97
BLE,1676581536722054410,DF:DF:EE:00:00:02,-94
BLE,1676581536965181907,DF:DF:EE:00:00:03,-88
BLE,1676581537187235557,DF:DF:EE:00:00:02,-85
BLE,1676581537457249615,DF:DF:EE:00:00:04,-94
BLE,1676581537684362073,DF:DF:EE:00:00:01,-86
BLE,1676581537965422694,DF:DF:EE:00:00:03,-96
BLE,1676581538002745576,DF:DF:EE:00:00:04,-93
BLE,1676581538182371078,DF:DF:EE:00:00:02,-93
BLE,1676581538645214547,DF:DF:EE:00:00:05,-94
BLE,1676581538682150435,DF:DF:EE:00:00:01,-76
BLE,1676581538720456137,DF:DF:EE:00:00:02,-93
BLE,1676581538958656907,DF:DF:EE:00:00:03,-86
BLE,1676581539462540834,DF:DF:EE:00:00:04,-94
BLE,1676581539687657694,DF:DF:EE:00:00:01,-85
BLE,1676581539721105335,DF:DF:EE:00:00:02,-68
BLE,1676581539994161687,DF:DF:EE:00:00:04,-93
BLE,1676581540183712558,DF:DF:EE:00:00:02,-93
BLE,1676581540726215267,DF:DF:EE:00:00:02,-91
BLE,1676581541183914388,DF:DF:EE:00:00:02,-84
BLE,1676581541459161002,DF:DF:EE:00:00:04,-94
BLE,1676581541677686115,DF:DF:EE:00:00:05,-90
BLE,1676581541723995045,DF:DF:EE:00:00:02,-84
BLE,1676581541958604404,DF:DF:EE:00:00:03,-73
BLE,1676581542186832056,DF:DF:EE:00:00:02,-92
BLE,1676581542456077041,DF:DF:EE:00:00:04,-95
BLE,1676581542682577674,DF:DF:EE:00:00:01,-85
BLE,1676581542690201282,DF:DF:EE:00:00:05,-88
BLE,1676581542729678302,DF:DF:EE:00:00:02,-93
BLE,1676581542958607903,DF:DF:EE:00:00:03,-93
BLE,1676581543181713748,DF:DF:EE:00:00:02,-68
BLE,1676581543683749616,DF:DF:EE:00:00:01,-78
BLE,1676581543700199815,DF:DF:EE:00:00:05,-89
BLE,1676581543726251471,DF:DF:EE:00:00:02,-84
BLE,1676581543953963713,DF:DF:EE:00:00:03,-85
BLE,1676581544181959493,DF:DF:EE:00:00:02,-72
BLE,1676581544462391872,DF:DF:EE:00:00:04,-95
BLE,1676581544684979723,DF:DF:EE:00:00:01,-85
BLE,1676581544711436541,DF:DF:EE:00:00:05,-90
BLE,1676581544722927306,DF:DF:EE:00:00:02,-85
BLE,1676581544957817078,DF:DF:EE:00:00:03,-86
BLE,1676581545189667848,DF:DF:EE:00:00:02,-84
BLE,1676581545687855809,DF:DF:EE:00:00:01,-79
BLE,1676581545724376952,DF:DF:EE:00:00:02,-85
BLE,1676581545726431966,DF:DF:EE:00:00:05,-90
BLE,1676581545956477803,DF:DF:EE:00:00:03,-85
BLE,1676581546180982837,DF:DF:EE:00:00:02,-85
BLE,1676581546463087611,DF:DF:EE:00:00:04,-95
BLE,1676581546684638434,DF:DF:EE:00:00:01,-85
BLE,1676581546736360459,DF:DF:EE:00:00:05,-89
BLE,1676581546958676647,DF:DF:EE:00:00:03,-87
BLE,1676581547182737854,DF:DF:EE:00:00:02,-91
BLE,1676581547684020983,DF:DF:EE:00:00:01,-76
BLE,1676581547722513891,DF:DF:EE:00:00:02,-91
BLE,1676581547750120984,DF:DF:EE:00:00:05,-89
BLE,1676581547959411512,DF:DF:EE:00:00:03,-86
BLE,1676581547994949709,DF:DF:EE:00:00:04,-94
BLE,1676581548185508317,DF:DF:EE:00:00:02,-85
BLE,1676581548462939694,DF:DF:EE:00:00:04,-94
BLE,1676581548680990813,DF:DF:EE:00:00:01,-79
BLE,1676581548765116035,DF:DF:EE:00:00:05,-89
BLE,1676581548958090153,DF:DF:EE:00:00:03,-85
BLE,1676581549188780397,DF:DF:EE:00:00:02,-84
BLE,1676581549682643082,DF:DF:EE:00:00:01,-85
BLE,1676581549729393464,DF:DF:EE:00:00:02,-84
BLE,1676581549775119110,DF:DF:EE:00:00:05,-75
BLE,1676581550189202182,DF:DF:EE:00:00:02,-86
BLE,1676581550458307752,DF:DF:EE:00:00:04,-83
BLE,1676581550722002686,DF:DF:EE:00:00:02,-83
BLE,1676581550788875177,DF:DF:EE:00:00:05,-90
BLE,1676581550964047947,DF:DF:EE:00:00:03,-87
BLE,1676581551186724797,DF:DF:EE:00:00:02,-92
BLE,1676581551459378695,DF:DF:EE:00:00:04,-94
BLE,1676581551688945205,DF:DF:EE:00:00:01,-61
BLE,1676581551802666702,DF:DF:EE:00:00:05,-75
BLE,1676581551959753127,DF:DF:EE:00:00:03,-96
BLE,1676581552681882755,DF:DF:EE:00:00:01,-62
BLE,1676581552722972129,DF:DF:EE:00:00:02,-85
BLE,1676581552811348295,DF:DF:EE:00:00:05,-90
BLE,1676581552999441519,DF:DF:EE:00:00:04,-82
BLE,1676581553180177173,DF:DF:EE:00:00:02,-75
BLE,1676581553453898474,DF:DF:EE:00:00:04,-82
BLE,1676581553687359431,DF:DF:EE:00:00:01,-74
BLE,1676581553721667437,DF:DF:EE:00:00:02,-85
BLE,1676581553820138969,DF:DF:EE:00:00:05,-94
BLE,1676581553956032716,DF:DF:EE:00:00:03,-86
BLE,1676581553999496350,DF:DF:EE:00:00:04,-94
BLE,1676581554686695397,DF:DF:EE:00:00:01,-78
BLE,1676581554728340181,DF:DF:EE:00:00:02,-84
BLE,1676581554830141544,DF:DF:EE:00:00:05,-94
BLE,1676581555186761333,DF:DF:EE:00:00:02,-86
BLE,1676581555681881710,DF:DF:EE:00:00:01,-79
BLE,1676581555721906181,DF:DF:EE:00:00:02,-85
BLE,1676581555844016401,DF:DF:EE:00:00:05,-94
BLE,1676581555962671584,DF:DF:EE:00:00:03,-94
BLE,1676581555996964881,DF:DF:EE:00:00:04,-93
BLE,1676581556184709484,DF:DF:EE:00:00:02,-96
BLE,1676581556727819768,DF:DF:EE:00:00:02,-83
BLE,1676581556857844718,DF:DF:EE:00:00:05,-93
BLE,1676581556960312822,DF:DF:EE:00:00:03,-86
BLE,1676581557460104429,DF:DF:EE:00:00:04,-93
BLE,1676581557728046098,DF:DF:EE:00:00:02,-85
BLE,1676581557871287497,DF:DF:EE:00:00:05,-93
BLE,1676581557954854935,DF:DF:EE:00:00:03,-86
BLE,1676581557956453789,DF:DF:EE:00:00:03,-86
BLE,1676581558180188708,DF:DF:EE:00:00:02,-84
BLE,1676581558682056371,DF:DF:EE:00:00:01,-85
BLE,1676581558724044066,DF:DF:EE:00:00:02,-91
BLE,1676581558888985846,DF:DF:EE:00:00:05,-89
BLE,1676581558958765257,DF:DF:EE:00:00:03,-94
BLE,1676581559184665815,DF:DF:EE:00:00:02,-84
BLE,1676581559461961235,DF:DF:EE:00:00:04,-96
BLE,1676581559724538308,DF:DF:EE:00:00:02,-84
BLE,1676581559905196589,DF:DF:EE:00:00:05,-89
BLE,1676581559955566465,DF:DF:EE:00:00:03,-84
BLE,1676581560189325627,DF:DF:EE:00:00:02,-92
BLE,1676581560457863288,DF:DF:EE:00:00:04,-94
BLE,1676581560684288422,DF:DF:EE:00:00:01,-85
BLE,1676581560728685002,DF:DF:EE:00:00:02,-92
BLE,1676581560999031515,DF:DF:EE:00:00:04,-95
BLE,1676581561185258805,DF:DF:EE:00:00:02,-84
BLE,1676581561720258238,DF:DF:EE:00:00:02,-92
BLE,1676581561954503435,DF:DF:EE:00:00:03,-85
BLE,1676581562001804060,DF:DF:EE:00:00:04,-92
BLE,1676581562182984458,DF:DF:EE:00:00:02,-86
BLE,1676581562686745721,DF:DF:EE:00:00:01,-84
BLE,1676581562720731105,DF:DF:EE:00:00:02,-86
BLE,1676581562952788331,DF:DF:EE:00:00:05,-93
BLE,1676581562959783947,DF:DF:EE:00:00:03,-95
BLE,1676581562996910165,DF:DF:EE:00:00:04,-95
BLE,1676581563181752640,DF:DF:EE:00:00:02,-92
BLE,1676581563683288807,DF:DF:EE:00:00:01,-76
BLE,1676581563724084810,DF:DF:EE:00:00:02,-83
BLE,1676581564462427557,DF:DF:EE:00:00:04,-93
BLE,1676581564685678107,DF:DF:EE:00:00:01,-75
BLE,1676581564724495386,DF:DF:EE:00:00:02,-86
BLE,1676581564966231735,DF:DF:EE:00:00:05,-90
BLE,1676581564995308559,DF:DF:EE:00:00:04,-82
BLE,1676581565187772975,DF:DF:EE:00:00:02,-83
BLE,1676581565454935321,DF:DF:EE:00:00:04,-95
BLE,1676581565686514345,DF:DF:EE:00:00:01,-76
BLE,1676581565960845555,DF:DF:EE:00:00:03,-84
BLE,1676581565979989552,DF:DF:EE:00:00:05,-89
BLE,1676581566455890932,DF:DF:EE:00:00:04,-83
BLE,1676581566679948806,DF:DF:EE:00:00:01,-79
BLE,1676581566722340454,DF:DF:EE:00:00:02,-83
BLE,1676581566960396518,DF:DF:EE:00:00:03,-86
BLE,1676581566997296072,DF:DF:EE:00:00:04,-92
BLE,1676581567189608282,DF:DF:EE:00:00:02,-84
BLE,1676581567681092665,DF:DF:EE:00:00:01,-84
BLE,1676581567724608715,DF:DF:EE:00:00:02,-91
BLE,1676581567955927992,DF:DF:EE:00:00:03,-94
BLE,1676581568002472961,DF:DF:EE:00:00:05,-90
BLE,1676581568184092062,DF:DF:EE:00:00:02,-84
BLE,1676581568459670047,DF:DF:EE:00:00:04,-93
BLE,1676581568687656410,DF:DF:EE:00:00:01,-79
BLE,1676581568721976540,DF:DF:EE:00:00:02,-84
BLE,1676581568956090406,DF:DF:EE:00:00:03,-85
BLE,1676581568999426458,DF:DF:EE:00:00:04,-93
BLE,1676581569184725802,DF:DF:EE:00:00:02,-92
BLE,1676581569456044718,DF:DF:EE:00:00:04,-95
BLE,1676581569685332148,DF:DF:EE:00:00:01,-85
BLE,1676581569728673659,DF:DF:EE:00:00:02,-92
BLE,1676581569957622176,DF:DF:EE:00:00:03,-94
BLE,1676581570026134021,DF:DF:EE:00:00:05,-91
BLE,1676581570184784675,DF:DF:EE:00:00:02,-82
BLE,1676581570957243430,DF:DF:EE:00:00:03,-84
BLE,1676581571000587649,DF:DF:EE:00:00:04,-92
BLE,1676581571041152113,DF:DF:EE:00:00:05,-89
BLE,1676581571188201504,DF:DF:EE:00:00:02,-93
BLE,1676581571458458559,DF:DF:EE:00:00:04,-96
BLE,1676581571719707191,DF:DF:EE:00:00:02,-85
BLE,1676581571959928518,DF:DF:EE:00:00:03,-94
BLE,1676581572001757507,DF:DF:EE:00:00:04,-93
BLE,1676581572054932430,DF:DF:EE:00:00:05,-91
BLE,1676581572181988002,DF:DF:EE:00:00:02,-91
BLE,1676581572961071835,DF:DF:EE:00:00:03,-85
BLE,1676581573067455763,DF:DF:EE:00:00:05,-89
BLE,1676581573454799772,DF:DF:EE:00:00:04,-93
BLE,1676581573682205851,DF:DF:EE:00:00:01,-79
BLE,1676581573956440437,DF:DF:EE:00:00:03,-87
BLE,1676581573999803822,DF:DF:EE:00:00:04,-94
BLE,1676581574077406214,DF:DF:EE:00:00:05,-89
BLE,1676581574188156668,DF:DF:EE:00:00:02,-84
BLE,1676581574683373626,DF:DF:EE:00:00:01,-76
BLE,1676581574721804535,DF:DF:EE:00:00:02,-92
BLE,1676581574959673560,DF:DF:EE:00:00:03,-86
BLE,1676581575084944488,DF:DF:EE:00:00:05,-93
BLE,1676581575184583547,DF:DF:EE:00:00:02,-84
BLE,1676581575458534095,DF:DF:EE:00:00:04,-92
BLE,1676581575685218726,DF:DF:EE:00:00:01,-78
BLE,1676581575726044603,DF:DF:EE:00:00:02,-85
BLE,1676581575953503473,DF:DF:EE:00:00:03,-75
BLE,1676581576092422055,DF:DF:EE:00:00:05,-93
BLE,1676581576191066960,DF:DF:EE:00:00:02,-84
BLE,1676581576455300595,DF:DF:EE:00:00:04,-95
BLE,1676581576685714510,DF:DF:EE:00:00:01,-76
BLE,1676581576724344458,DF:DF:EE:00:00:02,-91
BLE,1676581576957223548,DF:DF:EE:00:00:03,-94
BLE,1676581577100064286,DF:DF:EE:00:00:05,-96
BLE,1676581577182305325,DF:DF:EE:00:00:02,-83
BLE,1676581577460126030,DF:DF:EE:00:00:04,-93
BLE,1676581577684528649,DF:DF:EE:00:00:01,-78
BLE,1676581577721095708,DF:DF:EE:00:00:02,-84
BLE,1676581577961812986,DF:DF:EE:00:00:03,-86
BLE,1676581578111146389,DF:DF:EE:00:00:05,-97
BLE,1676581578180642596,DF:DF:EE:00:00:02,-85
BLE,1676581578454783433,DF:DF:EE:00:00:04,-95
BLE,1676581578681838683,DF:DF:EE:00:00:01,-84
BLE,1676581578725392400,DF:DF:EE:00:00:02,-91
BLE,1676581578962696973,DF:DF:EE:00:00:03,-95
BLE,1676581578992892450,DF:DF:EE:00:00:04,-93
BLE,1676581579684299566,DF:DF:EE:00:00:01,-78
BLE,1676581579727158792,DF:DF:EE:00:00:02,-85
BLE,1676581579954748702,DF:DF:EE:00:00:03,-84
BLE,1676581580132436938,DF:DF:EE:00:00:05,-90
BLE,1676581580179809354,DF:DF:EE:00:00:02,-85
BLE,1676581580458099595,DF:DF:EE:00:00:04,-94
BLE,1676581580683583658,DF:DF:EE:00:00:01,-84
BLE,1676581580953827213,DF:DF:EE:00:00:03,-86
BLE,1676581581186103562,DF:DF:EE:00:00:02,-83
BLE,1676581581688619924,DF:DF:EE:00:00:01,-78
BLE,1676581581727434536,DF:DF:EE:00:00:02,-84
BLE,1676581581958107614,DF:DF:EE:00:00:03,-85
BLE,1676581582153640198,DF:DF:EE:00:00:05,-90
BLE,1676581582184700912,DF:DF:EE:00:00:02,-86
BLE,1676581582453112617,DF:DF:EE:00:00:04,-94
BLE,1676581582679841330,DF:DF:EE:00:00:01,-77
BLE,1676581582722577766,DF:DF:EE:00:00:02,-85
BLE,1676581582963198045,DF:DF:EE:00:00:03,-95
BLE,1676581583000982963,DF:DF:EE:00:00:04,-95
BLE,1676581583162770534,DF:DF:EE:00:00:05,-92
BLE,1676581583184896117,DF:DF:EE:00:00:02,-92
BLE,1676581583453120241,DF:DF:EE:00:00:04,-95
BLE,1676581583721264323,DF:DF:EE:00:00:02,-90
BLE,1676581583961341111,DF:DF:EE:00:00:03,-85
BLE,1676581584179881182,DF:DF:EE:00:00:05,-90
BLE,1676581584682213880,DF:DF:EE:00:00:01,-65
BLE,1676581584724344282,DF:DF:EE:00:00:02,-71
BLE,1676581585184427746,DF:DF:EE:00:00:02,-81
BLE,1676581585192376766,DF:DF:EE:00:00:05,-75
BLE,1676581585456337321,DF:DF:EE:00:00:04,-93
BLE,1676581585689304118,DF:DF:EE:00:00:01,-61
BLE,1676581585958790225,DF:DF:EE:00:00:03,-94
BLE,1676581586182235982,DF:DF:EE:00:00:02,-72
BLE,1676581586198659515,DF:DF:EE:00:00:05,-81
BLE,1676581586458918994,DF:DF:EE:00:00:04,-83
BLE,1676581586682650163,DF:DF:EE:00:00:01,-78
BLE,1676581587185639936,DF:DF:EE:00:00:02,-91
BLE,1676581587207415315,DF:DF:EE:00:00:05,-92
BLE,1676581587689130868,DF:DF:EE:00:00:01,-76
BLE,1676581587726065797,DF:DF:EE:00:00:02,-80
BLE,1676581587959322091,DF:DF:EE:00:00:03,-93
BLE,1676581587995781943,DF:DF:EE:00:00:04,-94
BLE,1676581588217458681,DF:DF:EE:00:00:05,-97
BLE,1676581588682531913,DF:DF:EE:00:00:01,-77
BLE,1676581588725046601,DF:DF:EE:00:00:02,-83
BLE,1676581588959845916,DF:DF:EE:00:00:03,-75
BLE,1676581589182072314,DF:DF:EE:00:00:02,-84
BLE,1676581589235049281,DF:DF:EE:00:00:05,-92
BLE,1676581589453183358,DF:DF:EE:00:00:04,-93
BLE,1676581589687120726,DF:DF:EE:00:00:01,-84
BLE,1676581589719992500,DF:DF:EE:00:00:02,-85
BLE,1676581589962412714,DF:DF:EE:00:00:03,-94
BLE,1676581589997427793,DF:DF:EE:00:00:04,-94
BLE,1676581590190443369,DF:DF:EE:00:00:02,-83
BLE,1676581590249947249,DF:DF:EE:00:00:05,-93
BLE,1676581590684568842,DF:DF:EE:00:00:01,-76
BLE,1676581591182958591,DF:DF:EE:00:00:02,-84
BLE,1676581591254992182,DF:DF:EE:00:00:05,-96
BLE,1676581591452534447,DF:DF:EE:00:00:04,-93
BLE,1676581591686966934,DF:DF:EE:00:00:01,-84
BLE,1676581591720167287,DF:DF:EE:00:00:02,-84
BLE,1676581591956255418,DF:DF:EE:00:00:03,-87
BLE,1676581592188028190,DF:DF:EE:00:00:02,-84
BLE,1676581592262528956,DF:DF:EE:00:00:05,-97
BLE,1676581592686289275,DF:DF:EE:00:00:01,-76
BLE,1676581592721580725,DF:DF:EE:00:00:02,-92
BLE,1676581592991749615,DF:DF:EE:00:00:04,-94
BLE,1676581593188676139,DF:DF:EE:00:00:02,-85
BLE,1676581593272445949,DF:DF:EE:00:00:05,-90
BLE,1676581593454513585,DF:DF:EE:00:00:04,-93
BLE,1676581593684789335,DF:DF:EE:00:00:01,-78
BLE,1676581593727294315,DF:DF:EE:00:00:02,-85
BLE,1676581593959237918,DF:DF:EE:00:00:03,-87
BLE,1676581593996969128,DF:DF:EE:00:00:04,-94
BLE,1676581594182483303,DF:DF:EE:00:00:02,-92
BLE,1676581594455112618,DF:DF:EE:00:00:04,-92
BLE,1676581594687567881,DF:DF:EE:00:00:01,-77
BLE,1676581594729849864,DF:DF:EE:00:00:02,-84
BLE,1676581594955044056,DF:DF:EE:00:00:03,-93
BLE,1676581595288720356,DF:DF:EE:00:00:05,-93
BLE,1676581595457602417,DF:DF:EE:00:00:04,-93
BLE,1676581595685077787,DF:DF:EE:00:00:01,-77
BLE,1676581595723399114,DF:DF:EE:00:00:02,-84
BLE,1676581595955871085,DF:DF:EE:00:00:03,-84
BLE,1676581596180239413,DF:DF:EE:00:00:02,-85
BLE,1676581596301205399,DF:DF:EE:00:00:05,-92
BLE,1676581596452754355,DF:DF:EE:00:00:04,-93
BLE,1676581596683339059,DF:DF:EE:00:00:01,-85
BLE,1676581596719226043,DF:DF:EE:00:00:02,-85
BLE,1676581596959935114,DF:DF:EE:00:00:03,-95
BLE,1676581596998997848,DF:DF:EE:00:00:04,-96
BLE,1676581597180817696,DF:DF:EE:00:00:02,-91
BLE,1676581597307580105,DF:DF:EE:00:00:05,-97
BLE,1676581597722137087,DF:DF:EE:00:00:02,-83
BLE,1676581598187910851,DF:DF:EE:00:00:02,-91
BLE,1676581598315042213,DF:DF:EE:00:00:05,-96
BLE,1676581598728112590,DF:DF:EE:00:00:02,-91
BLE,1676581598961587881,DF:DF:EE:00:00:03,-94
BLE,1676581598993592667,DF:DF:EE:00:00:04,-83
BLE,1676581599190305485,DF:DF:EE:00:00:02,-83
BLE,1676581599327548839,DF:DF:EE:00:00:05,-95
BLE,1676581599453141096,DF:DF:EE:00:00:04,-94
BLE,1676581599685227906,DF:DF:EE:00:00:01,-76
BLE,1676581599729403947,DF:DF:EE:00:00:02,-84
BLE,1676581599960942764,DF:DF:EE:00:00:03,-85
BLE,1676581600454993446,DF:DF:EE:00:00:04,-94
BLE,1676581600681471579,DF:DF:EE:00:00:01,-78
BLE,1676581600722704951,DF:DF:EE:00:00:02,-85
BLE,1676581600963152025,DF:DF:EE:00:00:03,-94
BLE,1676581601180670193,DF:DF:EE:00:00:02,-92
BLE,1676581601353774782,DF:DF:EE:00:00:05,-97
BLE,1676581601455195234,DF:DF:EE:00:00:04,-95
BLE,1676581601684362123,DF:DF:EE:00:00:01,-77
BLE,1676581601992720383,DF:DF:EE:00:00:04,-93
BLE,1676581602187217564,DF:DF:EE:00:00:02,-86
BLE,1676581602457470452,DF:DF:EE:00:00:04,-92
BLE,1676581602688825563,DF:DF:EE:00:00:01,-85
BLE,1676581602955392792,DF:DF:EE:00:00:03,-86
BLE,1676581603190217731,DF:DF:EE:00:00:02,-69
BLE,1676581603385398945,DF:DF:EE:00:00:05,-93
BLE,1676581603680879875,DF:DF:EE:00:00:01,-85
BLE,1676581603718534836,DF:DF:EE:00:00:02,-85
BLE,1676581603958020798,DF:DF:EE:00:00:03,-94
BLE,1676581603994346151,DF:DF:EE:00:00:04,-96
BLE,1676581604392498767,DF:DF:EE:00:00:05,-98
BLE,1676581604720226229,DF:DF:EE:00:00:02,-84
BLE,1676581604997806562,DF:DF:EE:00:00:04,-93
BLE,1676581605186845649,DF:DF:EE:00:00:02,-92
BLE,1676581605690401830,DF:DF:EE:00:00:01,-76
BLE,1676581605726384813,DF:DF:EE:00:00:02,-92
BLE,1676581605952805656,DF:DF:EE:00:00:03,-87
BLE,1676581605992200760,DF:DF:EE:00:00:04,-94
BLE,1676581606186887730,DF:DF:EE:00:00:02,-84
BLE,1676581606415070758,DF:DF:EE:00:00:05,-96
BLE,1676581606460173870,DF:DF:EE:00:00:04,-93
BLE,1676581606719708817,DF:DF:EE:00:00:02,-90
BLE,1676581606953123067,DF:DF:EE:00:00:03,-94
BLE,1676581607182578703,DF:DF:EE:00:00:02,-85
BLE,1676581607423815141,DF:DF:EE:00:00:05,-89
BLE,1676581607457689069,DF:DF:EE:00:00:04,-95
BLE,1676581607682328185,DF:DF:EE:00:00:01,-84
BLE,1676581607721714248,DF:DF:EE:00:00:02,-84
BLE,1676581607952352868,DF:DF:EE:00:00:03,-85
BLE,1676581607990328699,DF:DF:EE:00:00:04,-92
BLE,1676581608683945829,DF:DF:EE:00:00:01,-77
BLE,1676581608727694084,DF:DF:EE:00:00:02,-84
BLE,1676581608957751754,DF:DF:EE:00:00:03,-84
BLE,1676581609183847100,DF:DF:EE:00:00:02,-86
BLE,1676581609452710174,DF:DF:EE:00:00:04,-93
BLE,1676581609689078843,DF:DF:EE:00:00:01,-85
BLE,1676581609957342466,DF:DF:EE:00:00:03,-86
BLE,1676581609995382130,DF:DF:EE:00:00:04,-94
BLE,1676581610183170483,DF:DF:EE:00:00:02,-91
BLE,1676581610458735093,DF:DF:EE:00:00:05,-90
BLE,1676581610685361099,DF:DF:EE:00:00:01,-76
BLE,1676581610725370988,DF:DF:EE:00:00:02,-91
BLE,1676581610957414672,DF:DF:EE:00:00:03,-95
BLE,1676581610995437337,DF:DF:EE:00:00:04,-94
BLE,1676581611466211493,DF:DF:EE:00:00:05,-93
BLE,1676581611688329476,DF:DF:EE:00:00:01,-73
BLE,1676581611727467875,DF:DF:EE:00:00:02,-86
BLE,1676581611955554362,DF:DF:EE:00:00:03,-71
BLE,1676581612178670082,DF:DF:EE:00:00:02,-86
BLE,1676581612454214734,DF:DF:EE:00:00:04,-82
BLE,1676581612479906311,DF:DF:EE:00:00:05,-92
BLE,1676581612686566414,DF:DF:EE:00:00:01,-76
BLE,1676581612723275721,DF:DF:EE:00:00:02,-81
BLE,1676581613459520204,DF:DF:EE:00:00:04,-92
BLE,1676581613491231119,DF:DF:EE:00:00:05,-82
BLE,1676581613722354691,DF:DF:EE:00:00:02,-70
BLE,1676581613956137519,DF:DF:EE:00:00:03,-85
BLE,1676581614179222697,DF:DF:EE:00:00:02,-85
BLE,1676581614456990070,DF:DF:EE:00:00:04,-95
BLE,1676581614497376536,DF:DF:EE:00:00:05,-96
BLE,1676581614682504716,DF:DF:EE:00:00:01,-85
BLE,1676581614720289925,DF:DF:EE:00:00:02,-85
BLE,1676581614953280972,DF:DF:EE:00:00:03,-86
BLE,1676581614995425666,DF:DF:EE:00:00:04,-94
BLE,1676581615514936678,DF:DF:EE:00:00:05,-92
BLE,1676581615725780226,DF:DF:EE:00:00:02,-85
BLE,1676581615959968258,DF:DF:EE:00:00:03,-84
BLE,1676581616184039215,DF:DF:EE:00:00:02,-86
BLE,1676581616451424391,DF:DF:EE:00:00:04,-92
BLE,1676581616524983461,DF:DF:EE:00:00:05,-93
BLE,1676581616685622672,DF:DF:EE:00:00:01,-84
BLE,1676581616725300315,DF:DF:EE:00:00:02,-86
BLE,1676581616961857732,DF:DF:EE:00:00:03,-95
BLE,1676581616998109919,DF:DF:EE:00:00:04,-94
BLE,1676581617181672245,DF:DF:EE:00:00:02,-92
BLE,1676581617531356500,DF:DF:EE:00:00:05,-96
BLE,1676581617683785612,DF:DF:EE:00:00:01,-77
BLE,1676581617727087248,DF:DF:EE:00:00:02,-83
BLE,1676581617960014921,DF:DF:EE:00:00:03,-85
BLE,1676581618187834037,DF:DF:EE:00:00:02,-85
BLE,1676581618688050138,DF:DF:EE:00:00:01,-84
BLE,1676581618723809290,DF:DF:EE:00:00:02,-84
BLE,1676581618953732837,DF:DF:EE:00:00:03,-85
BLE,1676581618994994417,DF:DF:EE:00:00:04,-93
BLE,1676581619189295142,DF:DF:EE:00:00:02,-84
BLE,1676581619452146044,DF:DF:EE:00:00:04,-94
BLE,1676581619546263801,DF:DF:EE:00:00:05,-93
BLE,1676581619547487118,DF:DF:EE:00:00:05,-89
BLE,1676581619726252174,DF:DF:EE:00:00:02,-91
BLE,1676581620187545414,DF:DF:EE:00:00:02,-86
BLE,1676581620459265199,DF:DF:EE:00:00:04,-91
BLE,1676581620561232352,DF:DF:EE:00:00:05,-90
BLE,1676581620687560350,DF:DF:EE:00:00:01,-84
BLE,1676581620723155422,DF:DF:EE:00:00:02,-83
BLE,1676581620951827026,DF:DF:EE:00:00:03,-85
BLE,1676581620997004846,DF:DF:EE:00:00:04,-93
BLE,1676581621179355729,DF:DF:EE:00:00:02,-84
BLE,1676581621453316985,DF:DF:EE:00:00:04,-94
BLE,1676581621571344551,DF:DF:EE:00:00:05,-93
BLE,1676581621572433453,DF:DF:EE:00:00:05,-89
BLE,1676581621680458818,DF:DF:EE:00:00:01,-84
BLE,1676581621719419053,DF:DF:EE:00:00:02,-86
BLE,1676581621958493853,DF:DF:EE:00:00:03,-94
BLE,1676581622686809483,DF:DF:EE:00:00:01,-78
BLE,1676581622722702717,DF:DF:EE:00:00:02,-84
BLE,1676581622961332023,DF:DF:EE:00:00:03,-87
BLE,1676581623186733421,DF:DF:EE:00:00:02,-91
BLE,1676581623456452650,DF:DF:EE:00:00:04,-94
BLE,1676581623596239595,DF:DF:EE:00:00:05,-93
BLE,1676581623597457870,DF:DF:EE:00:00:05,-89
BLE,1676581623690902803,DF:DF:EE:00:00:01,-76
BLE,1676581623722604884,DF:DF:EE:00:00:02,-86
BLE,1676581623952527013,DF:DF:EE:00:00:03,-86
BLE,1676581623998997316,DF:DF:EE:00:00:04,-94
BLE,1676581624186710378,DF:DF:EE:00:00:02,-83
BLE,1676581624606206629,DF:DF:EE:00:00:05,-93
BLE,1676581624725036101,DF:DF:EE:00:00:02,-83
BLE,1676581625186100510,DF:DF:EE:00:00:02,-84
BLE,1676581625459545023,DF:DF:EE:00:00:04,-94
BLE,1676581625623562815,DF:DF:EE:00:00:05,-91
BLE,1676581625686907061,DF:DF:EE:00:00:01,-84
BLE,1676581625727673106,DF:DF:EE:00:00:02,-91
BLE,1676581625957343197,DF:DF:EE:00:00:03,-86
BLE,1676581625999207019,DF:DF:EE:00:00:04,-95
BLE,1676581626180265711,DF:DF:EE:00:00:02,-91
BLE,1676581626638550116,DF:DF:EE:00:00:05,-90
BLE,1676581626683168026,DF:DF:EE:00:00:01,-76
BLE,1676581626727863227,DF:DF:EE:00:00:02,-84
BLE,1676581626953477289,DF:DF:EE:00:00:03,-94
BLE,1676581627186386962,DF:DF:EE:00:00:02,-85
BLE,1676581627453813013,DF:DF:EE:00:00:04,-92
BLE,1676581627646106931,DF:DF:EE:00:00:05,-92
BLE,1676581627681867376,DF:DF:EE:00:00:01,-78
BLE,1676581627726139457,DF:DF:EE:00:00:02,-85
BLE,1676581627951928183,DF:DF:EE:00:00:03,-84
BLE,1676581628000210879,DF:DF:EE:00:00:04,-94
BLE,1676581628189880540,DF:DF:EE:00:00:02,-83
BLE,1676581628452686527,DF:DF:EE:00:00:04,-93
BLE,1676581628662281383,DF:DF:EE:00:00:05,-90
BLE,1676581628684678546,DF:DF:EE:00:00:01,-76
BLE,1676581628957482192,DF:DF:EE:00:00:03,-95
BLE,1676581629180661119,DF:DF:EE:00:00:02,-85
BLE,1676581629671067016,DF:DF:EE:00:00:05,-93
BLE,1676581629683062274,DF:DF:EE:00:00:01,-78
BLE,1676581629959409207,DF:DF:EE:00:00:03,-86
BLE,1676581630179820171,DF:DF:EE:00:00:02,-85
BLE,1676581630454266337,DF:DF:EE:00:00:04,-95
BLE,1676581630679840357,DF:DF:EE:00:00:01,-85
BLE,1676581630685951526,DF:DF:EE:00:00:05,-89
BLE,1676581630722944954,DF:DF:EE:00:00:02,-91
BLE,1676581630959583995,DF:DF:EE:00:00:03,-95
BLE,1676581631687809792,DF:DF:EE:00:00:01,-78
BLE,1676581631699740718,DF:DF:EE:00:00:05,-90
BLE,1676581631720717358,DF:DF:EE:00:00:02,-83
BLE,1676581632179546755,DF:DF:EE:00:00:02,-86
BLE,1676581632457690498,DF:DF:EE:00:00:04,-94
BLE,1676581632683548306,DF:DF:EE:00:00:01,-74
BLE,1676581632714813809,DF:DF:EE:00:00:05,-90
BLE,1676581632721143684,DF:DF:EE:00:00:02,-85
BLE,1676581632952057676,DF:DF:EE:00:00:03,-86
BLE,1676581632997506784,DF:DF:EE:00:00:04,-95
BLE,1676581633184076069,DF:DF:EE:00:00:02,-84
BLE,1676581634184578311,DF:DF:EE:00:00:02,-86
BLE,1676581634455392859,DF:DF:EE:00:00:04,-92
BLE,1676581634684989701,DF:DF:EE:00:00:01,-85
BLE,1676581634720261735,DF:DF:EE:00:00:02,-86
BLE,1676581634730922469,DF:DF:EE:00:00:05,-83
BLE,1676581634954301644,DF:DF:EE:00:00:03,-85
BLE,1676581634991871106,DF:DF:EE:00:00:04,-92
BLE,1676581635181956345,DF:DF:EE:00:00:02,-93
BLE,1676581635452039319,DF:DF:EE:00:00:04,-93
BLE,1676581635685710399,DF:DF:EE:00:00:01,-76
BLE,1676581635727782551,DF:DF:EE:00:00:02,-83
BLE,1676581635738482535,DF:DF:EE:00:00:05,-97
BLE,1676581635952724372,DF:DF:EE:00:00:03,-95
BLE,1676581636461228655,DF:DF:EE:00:00:04,-95
BLE,1676581636688746607,DF:DF:EE:00:00:01,-85
BLE,1676581636950953602,DF:DF:EE:00:00:03,-84
BLE,1676581637190295191,DF:DF:EE:00:00:02,-83
BLE,1676581637681037583,DF:DF:EE:00:00:01,-84
BLE,1676581637722332038,DF:DF:EE:00:00:02,-91
BLE,1676581637762225052,DF:DF:EE:00:00:05,-96
BLE,1676581637957277601,DF:DF:EE:00:00:03,-96
BLE,1676581637993212918,DF:DF:EE:00:00:04,-94
BLE,1676581638186952484,DF:DF:EE:00:00:02,-86
BLE,1676581638456679337,DF:DF:EE:00:00:04,-92
BLE,1676581638685842185,DF:DF:EE:00:00:01,-79
BLE,1676581638722173122,DF:DF:EE:00:00:02,-83
BLE,1676581638779741195,DF:DF:EE:00:00:05,-94
BLE,1676581638951065765,DF:DF:EE:00:00:03,-85
BLE,1676581638995773549,DF:DF:EE:00:00:04,-93
BLE,1676581639186840276,DF:DF:EE:00:00:02,-92
BLE,1676581639454604239,DF:DF:EE:00:00:04,-94
BLE,1676581639689939338,DF:DF:EE:00:00:01,-77
BLE,1676581639723302856,DF:DF:EE:00:00:02,-92
BLE,1676581639790950796,DF:DF:EE:00:00:05,-92
BLE,1676581639955955199,DF:DF:EE:00:00:03,-96
BLE,1676581639989346342,DF:DF:EE:00:00:04,-93
BLE,1676581640188085050,DF:DF:EE:00:00:02,-86
BLE,1676581640723445853,DF:DF:EE:00:00:02,-83
BLE,1676581640798515778,DF:DF:EE:00:00:05,-95
BLE,1676581640953558688,DF:DF:EE:00:00:03,-71
BLE,1676581641189291157,DF:DF:EE:00:00:02,-91
BLE,1676581641458365187,DF:DF:EE:00:00:04,-93
BLE,1676581641682200521,DF:DF:EE:00:00:01,-84
BLE,1676581641722211993,DF:DF:EE:00:00:02,-85
BLE,1676581641954480758,DF:DF:EE:00:00:03,-85
BLE,1676581641989605211,DF:DF:EE:00:00:04,-94
BLE,1676581642681970482,DF:DF:EE:00:00:01,-76
BLE,1676581642723468017,DF:DF:EE:00:00:02,-84
BLE,1676581642824661180,DF:DF:EE:00:00:05,-95
BLE,1676581642953527686,DF:DF:EE:00:00:03,-96
BLE,1676581643185810576,DF:DF:EE:00:00:02,-84
BLE,1676581643453768620,DF:DF:EE:00:00:04,-93
BLE,1676581643678853605,DF:DF:EE:00:00:01,-79
BLE,1676581643951225715,DF:DF:EE:00:00:03,-74
BLE,1676581643994501019,DF:DF:EE:00:00:04,-91
BLE,1676581644183891975,DF:DF:EE:00:00:02,-92
BLE,1676581644684720610,DF:DF:EE:00:00:01,-76
BLE,1676581644721686705,DF:DF:EE:00:00:02,-91
BLE,1676581644845917980,DF:DF:EE:00:00:05,-96
BLE,1676581645181159677,DF:DF:EE:00:00:02,-83
BLE,1676581645454764938,DF:DF:EE:00:00:04,-94
BLE,1676581645681622399,DF:DF:EE:00:00:01,-78
BLE,1676581645859766921,DF:DF:EE:00:00:05,-98
BLE,1676581645954096300,DF:DF:EE:00:00:03,-83
BLE,1676581645997672474,DF:DF:EE:00:00:04,-93
BLE,1676581646179178577,DF:DF:EE:00:00:02,-85
BLE,1676581646679827422,DF:DF:EE:00:00:01,-84
BLE,1676581646721067252,DF:DF:EE:00:00:02,-91
BLE,1676581646873456489,DF:DF:EE:00:00:05,-95
BLE,1676581646956079148,DF:DF:EE:00:00:03,-97
BLE,1676581646994204811,DF:DF:EE:00:00:04,-93
BLE,1676581647186833683,DF:DF:EE:00:00:02,-86
BLE,1676581647458370179,DF:DF:EE:00:00:04,-92
BLE,1676581647684373819,DF:DF:EE:00:00:01,-79
BLE,1676581647723371971,DF:DF:EE:00:00:02,-84
BLE,1676581647884834046,DF:DF:EE:00:00:05,-96
BLE,1676581647958070245,DF:DF:EE:00:00:03,-85
BLE,1676581647997188229,DF:DF:EE:00:00:04,-94
BLE,1676581648188342745,DF:DF:EE:00:00:02,-92
BLE,1676581648458019308,DF:DF:EE:00:00:04,-93
BLE,1676581648682052015,DF:DF:EE:00:00:01,-85
BLE,1676581648726205099,DF:DF:EE:00:00:02,-91
BLE,1676581648994781093,DF:DF:EE:00:00:04,-93
BLE,1676581649458903712,DF:DF:EE:00:00:04,-93
BLE,1676581649722988723,DF:DF:EE:00:00:02,-83
BLE,1676581650186906137,DF:DF:EE:00:00:02,-91
BLE,1676581650451860137,DF:DF:EE:00:00:04,-92
BLE,1676581650682940293,DF:DF:EE:00:00:01,-84
BLE,1676581650718485615,DF:DF:EE:00:00:02,-86
BLE,1676581650952186986,DF:DF:EE:00:00:03,-85
BLE,1676581650999004659,DF:DF:EE:00:00:04,-94
BLE,1676581651184630582,DF:DF:EE:00:00:02,-84
BLE,1676581651685863336,DF:DF:EE:00:00:01,-79
BLE,1676581651723702545,DF:DF:EE:00:00:02,-84
BLE,1676581651931009598,DF:DF:EE:00:00:05,-89
BLE,1676581651951900739,DF:DF:EE:00:00:03,-96
BLE,1676581652181265959,DF:DF:EE:00:00:02,-86
BLE,1676581652450959771,DF:DF:EE:00:00:04,-82
BLE,1676581652687329441,DF:DF:EE:00:00:01,-84
BLE,1676581652722364186,DF:DF:EE:00:00:02,-86
BLE,1676581652942555819,DF:DF:EE:00:00:05,-90
BLE,1676581652953089222,DF:DF:EE:00:00:03,-86
BLE,1676581652992423494,DF:DF:EE:00:00:04,-94
BLE,1676581653189011814,DF:DF:EE:00:00:02,-84
BLE,1676581653683493782,DF:DF:EE:00:00:01,-76
BLE,1676581653718487611,DF:DF:EE:00:00:02,-91
BLE,1676581653952273315,DF:DF:EE:00:00:05,-90
BLE,1676581654180876337,DF:DF:EE:00:00:02,-84
BLE,1676581654682495211,DF:DF:EE:00:00:01,-79
BLE,1676581654726180592,DF:DF:EE:00:00:02,-85
BLE,1676581654957729200,DF:DF:EE:00:00:03,-85
BLE,1676581654995742364,DF:DF:EE:00:00:04,-91
BLE,1676581655185140863,DF:DF:EE:00:00:02,-91
BLE,1676581655679970743,DF:DF:EE:00:00:01,-84
BLE,1676581655724866108,DF:DF:EE:00:00:02,-80
BLE,1676581655950566668,DF:DF:EE:00:00:03,-85
BLE,1676581655976003124,DF:DF:EE:00:00:05,-90
BLE,1676581656457623345,DF:DF:EE:00:00:04,-91
BLE,1676581656684747220,DF:DF:EE:00:00:01,-64
BLE,1676581656720866576,DF:DF:EE:00:00:02,-70
BLE,1676581656959349634,DF:DF:EE:00:00:03,-85
BLE,1676581656982221457,DF:DF:EE:00:00:05,-92
BLE,1676581657180710794,DF:DF:EE:00:00:02,-85
BLE,1676581657686330990,DF:DF:EE:00:00:01,-77
BLE,1676581657718971725,DF:DF:EE:00:00:02,-86
BLE,1676581657952423933,DF:DF:EE:00:00:03,-85
BLE,1676581657997287632,DF:DF:EE:00:00:05,-93
BLE,1676581657999009651,DF:DF:EE:00:00:04,-93
BLE,1676581658183478464,DF:DF:EE:00:00:02,-84
BLE,1676581659010937701,DF:DF:EE:00:00:05,-93
BLE,1676581659186987292,DF:DF:EE:00:00:02,-92
BLE,1676581659456955892,DF:DF:EE:00:00:04,-94
BLE,1676581659690440141,DF:DF:EE:00:00:01,-62
BLE,1676581659724349569,DF:DF:EE:00:00:02,-75
BLE,1676581659725756800,DF:DF:EE:00:00:02,-81
BLE,1676581659955591889,DF:DF:EE:00:00:03,-86
BLE,1676581659998222784,DF:DF:EE:00:00:04,-93
BLE,1676581660027289067,DF:DF:EE:00:00:05,-90
BLE,1676581660187505367,DF:DF:EE:00:00:02,-83
BLE,1676581660686597608,DF:DF:EE:00:00:01,-78
BLE,1676581660720633241,DF:DF:EE:00:00:02,-91
BLE,1676581660953179170,DF:DF:EE:00:00:03,-97
BLE,1676581660989803977,DF:DF:EE:00:00:04,-93
BLE,1676581661042287493,DF:DF:EE:00:00:05,-91
BLE,1676581661456852100,DF:DF:EE:00:00:04,-93
BLE,1676581661687533552,DF:DF:EE:00:00:01,-84
BLE,1676581661725988211,DF:DF:EE:00:00:02,-85
BLE,1676581661956414292,DF:DF:EE:00:00:03,-86
BLE,1676581661992057905,DF:DF:EE:00:00:04,-93
BLE,1676581662183102506,DF:DF:EE:00:00:02,-92
BLE,1676581662680460811,DF:DF:EE:00:00:01,-61
BLE,1676581662719447296,DF:DF:EE:00:00:02,-92
BLE,1676581662955024018,DF:DF:EE:00:00:03,-96
BLE,1676581663071010527,DF:DF:EE:00:00:05,-96
BLE,1676581663187227201,DF:DF:EE:00:00:02,-85
BLE,1676581663684440216,DF:DF:EE:00:00:01,-78
BLE,1676581663952721880,DF:DF:EE:00:00:03,-84
BLE,1676581664079808243,DF:DF:EE:00:00:05,-91
BLE,1676581664182866632,DF:DF:EE:00:00:02,-92
BLE,1676581664456118523,DF:DF:EE:00:00:04,-93
BLE,1676581664683344813,DF:DF:EE:00:00:01,-76
BLE,1676581664717354863,DF:DF:EE:00:00:02,-85
BLE,1676581664950740114,DF:DF:EE:00:00:03,-85
BLE,1676581664991149372,DF:DF:EE:00:00:04,-93
BLE,1676581665182524969,DF:DF:EE:00:00:02,-84
BLE,1676581665722869123,DF:DF:EE:00:00:02,-83
BLE,1676581666101003211,DF:DF:EE:00:00:05,-90
BLE,1676581666186422666,DF:DF:EE:00:00:02,-91
BLE,1676581666454129046,DF:DF:EE:00:00:04,-93
BLE,1676581666686502227,DF:DF:EE:00:00:01,-76
BLE,1676581666724611515,DF:DF:EE:00:00:02,-91
BLE,1676581666960786562,DF:DF:EE:00:00:03,-97
BLE,1676581666991955609,DF:DF:EE:00:00:04,-82
BLE,1676581667109690095,DF:DF:EE:00:00:05,-92
BLE,1676581667182932169,DF:DF:EE:00:00:02,-84
BLE,1676581667686220646,DF:DF:EE:00:00:01,-78
BLE,1676581668119805752,DF:DF:EE:00:00:05,-93
BLE,1676581668686241145,DF:DF:EE:00:00:01,-85
BLE,1676581668727532516,DF:DF:EE:00:00:02,-81
BLE,1676581668954922846,DF:DF:EE:00:00:03,-85
BLE,1676581668988670775,DF:DF:EE:00:00:04,-92
BLE,1676581669179108717,DF:DF:EE:00:00:02,-90
BLE,1676581669727824136,DF:DF:EE:00:00:02,-84
BLE,1676581669954512183,DF:DF:EE:00:00:03,-97
BLE,1676581670182702336,DF:DF:EE:00:00:02,-85
BLE,1676581670678435037,DF:DF:EE:00:00:01,-78
BLE,1676581670724939756,DF:DF:EE:00:00:02,-84
BLE,1676581670955961830,DF:DF:EE:00:00:03,-86
BLE,1676581670995888552,DF:DF:EE:00:00:04,-92
BLE,1676581671151206125,DF:DF:EE:00:00:05,-96
BLE,1676581671186479451,DF:DF:EE:00:00:02,-84
BLE,1676581671684681537,DF:DF:EE:00:00:01,-77
BLE,1676581671727817217,DF:DF:EE:00:00:02,-84
BLE,1676581671991172988,DF:DF:EE:00:00:04,-95
BLE,1676581672165879972,DF:DF:EE:00:00:05,-85
BLE,1676581672180189033,DF:DF:EE:00:00:02,-69
BLE,1676581672456173762,DF:DF:EE:00:00:04,-81
BLE,1676581672681483911,DF:DF:EE:00:00:01,-65
BLE,1676581672724679174,DF:DF:EE:00:00:02,-74
BLE,1676581672958641458,DF:DF:EE:00:00:03,-72
BLE,1676581673176195751,DF:DF:EE:00:00:05,-84
BLE,1676581673188411132,DF:DF:EE:00:00:02,-69
BLE,1676581673453448672,DF:DF:EE:00:00:04,-82
BLE,1676581673683903211,DF:DF:EE:00:00:01,-61
BLE,1676581673728754869,DF:DF:EE:00:00:02,-70
BLE,1676581673950189611,DF:DF:EE:00:00:03,-87
BLE,1676581673988407564,DF:DF:EE:00:00:04,-93
BLE,1676581674187734639,DF:DF:EE:00:00:02,-85
BLE,1676581674997138364,DF:DF:EE:00:00:04,-92
BLE,1676581675177910185,DF:DF:EE:00:00:02,-74
BLE,1676581675199743980,DF:DF:EE:00:00:05,-95
BLE,1676581675454479781,DF:DF:EE:00:00:04,-94
BLE,1676581675683588755,DF:DF:EE:00:00:01,-84
BLE,1676581675718997704,DF:DF:EE:00:00:02,-86
BLE,1676581675955999240,DF:DF:EE:00:00:03,-97
BLE,1676581676179730493,DF:DF:EE:00:00:02,-92
BLE,1676581676210965080,DF:DF:EE:00:00:05,-96
BLE,1676581676686485049,DF:DF:EE:00:00:01,-79
BLE,1676581676951511090,DF:DF:EE:00:00:03,-95
BLE,1676581676988457310,DF:DF:EE:00:00:04,-94
BLE,1676581677179818490,DF:DF:EE:00:00:02,-86
BLE,1676581677227234531,DF:DF:EE:00:00:05,-84
BLE,1676581677679962925,DF:DF:EE:00:00:01,-78
BLE,1676581677960140183,DF:DF:EE:00:00:03,-97
BLE,1676581677994384230,DF:DF:EE:00:00:04,-92
BLE,1676581678187834050,DF:DF:EE:00:00:02,-84
BLE,1676581678242399663,DF:DF:EE:00:00:05,-96
BLE,1676581678450045253,DF:DF:EE:00:00:04,-94
BLE,1676581678684823985,DF:DF:EE:00:00:01,-76
BLE,1676581678719788065,DF:DF:EE:00:00:02,-91
BLE,1676581678952922735,DF:DF:EE:00:00:03,-96
BLE,1676581678990398573,DF:DF:EE:00:00:04,-95
BLE,1676581679181701213,DF:DF:EE:00:00:02,-84
BLE,1676581679258486116,DF:DF:EE:00:00:05,-94
BLE,1676581679452729466,DF:DF:EE:00:00:04,-93
BLE,1676581679679107393,DF:DF:EE:00:00:01,-77
BLE,1676581679951817332,DF:DF:EE:00:00:03,-86
BLE,1676581680187340429,DF:DF:EE:00:00:02,-84
BLE,1676581680265932808,DF:DF:EE:00:00:05,-96
BLE,1676581680682364182,DF:DF:EE:00:00:01,-76
BLE,1676581680720492095,DF:DF:EE:00:00:02,-92
BLE,1676581680951832206,DF:DF:EE:00:00:03,-95
BLE,1676581681182070331,DF:DF:EE:00:00:02,-84
BLE,1676581681274726815,DF:DF:EE:00:00:05,-95
BLE,1676581681454102987,DF:DF:EE:00:00:04,-92
BLE,1676581681681430026,DF:DF:EE:00:00:01,-79
BLE,1676581681722273695,DF:DF:EE:00:00:02,-84
BLE,1676581681950773218,DF:DF:EE:00:00:03,-85
BLE,1676581681996082787,DF:DF:EE:00:00:04,-92
BLE,1676581682189137070,DF:DF:EE:00:00:02,-83
BLE,1676581682451764392,DF:DF:EE:00:00:04,-93
BLE,1676581682679852171,DF:DF:EE:00:00:01,-84
BLE,1676581682722978143,DF:DF:EE:00:00:02,-91
BLE,1676581682956589890,DF:DF:EE:00:00:03,-97
BLE,1676581682996518780,DF:DF:EE:00:00:04,-94
BLE,1676581683186568019,DF:DF:EE:00:00:02,-85
BLE,1676581683681555481,DF:DF:EE:00:00:01,-78
BLE,1676581683723937087,DF:DF:EE:00:00:02,-85
BLE,1676581684181134131,DF:DF:EE:00:00:02,-85
BLE,1676581684309758141,DF:DF:EE:00:00:05,-89
BLE,1676581684457083361,DF:DF:EE:00:00:04,-95
BLE,1676581684680404120,DF:DF:EE:00:00:01,-85
BLE,1676581684720439132,DF:DF:EE:00:00:02,-85
BLE,1676581684957179630,DF:DF:EE:00:00:03,-97
BLE,1676581684991033850,DF:DF:EE:00:00:04,-92
BLE,1676581685179380070,DF:DF:EE:00:00:02,-93
BLE,1676581685319542302,DF:DF:EE:00:00:05,-89
BLE,1676581685683686325,DF:DF:EE:00:00:01,-78
BLE,1676581685717927539,DF:DF:EE:00:00:02,-91
BLE,1676581686182516444,DF:DF:EE:00:00:02,-85
BLE,1676581686329533919,DF:DF:EE:00:00:05,-89
BLE,1676581686453004038,DF:DF:EE:00:00:04,-92
BLE,1676581686683087457,DF:DF:EE:00:00:01,-84
BLE,1676581686723795794,DF:DF:EE:00:00:02,-85
BLE,1676581686958963146,DF:DF:EE:00:00:03,-96
BLE,1676581686996756563,DF:DF:EE:00:00:04,-93
BLE,1676581687183780385,DF:DF:EE:00:00:02,-83
BLE,1676581687339633618,DF:DF:EE:00:00:05,-93
BLE,1676581687686723116,DF:DF:EE:00:00:01,-78
BLE,1676581687724646990,DF:DF:EE:00:00:02,-83
BLE,1676581687951221205,DF:DF:EE:00:00:03,-96
BLE,1676581688181771577,DF:DF:EE:00:00:02,-76
BLE,1676581688355792903,DF:DF:EE:00:00:05,-90
BLE,1676581688456628154,DF:DF:EE:00:00:04,-93
BLE,1676581688688028098,DF:DF:EE:00:00:01,-84
BLE,1676581688722447060,DF:DF:EE:00:00:02,-86
BLE,1676581688948859569,DF:DF:EE:00:00:03,-86
BLE,1676581688994016681,DF:DF:EE:00:00:04,-93
BLE,1676581689182722230,DF:DF:EE:00:00:02,-91
BLE,1676581689363161888,DF:DF:EE:00:00:05,-93
BLE,1676581689727883737,DF:DF:EE:00:00:02,-84
BLE,1676581689955392106,DF:DF:EE:00:00:03,-96
BLE,1676581689987281560,DF:DF:EE:00:00:04,-93
BLE,1676581690181534161,DF:DF:EE:00:00:02,-84
BLE,1676581690376947871,DF:DF:EE:00:00:05,-94
BLE,1676581690453503402,DF:DF:EE:00:00:04,-93
BLE,1676581690687875264,DF:DF:EE:00:00:01,-85
BLE,1676581690950478837,DF:DF:EE:00:00:03,-84
BLE,1676581691184590578,DF:DF:EE:00:00:02,-92
BLE,1676581691393169072,DF:DF:EE:00:00:05,-89
BLE,1676581691451835256,DF:DF:EE:00:00:04,-93
BLE,1676581691686174327,DF:DF:EE:00:00:01,-76
BLE,1676581691724927148,DF:DF:EE:00:00:02,-92
BLE,1676581691956387383,DF:DF:EE:00:00:03,-95
BLE,1676581691991298171,DF:DF:EE:00:00:04,-94
BLE,1676581692180872042,DF:DF:EE:00:00:02,-83
BLE,1676581692399443655,DF:DF:EE:00:00:05,-93
BLE,1676581692687460267,DF:DF:EE:00:00:01,-78
BLE,1676581692726656416,DF:DF:EE:00:00:02,-85
BLE,1676581693178122327,DF:DF:EE:00:00:02,-86
BLE,1676581693406036483,DF:DF:EE:00:00:05,-98
BLE,1676581693455425539,DF:DF:EE:00:00:04,-93
BLE,1676581693689863651,DF:DF:EE:00:00:01,-76
BLE,1676581693719250346,DF:DF:EE:00:00:02,-85
BLE,1676581693952521556,DF:DF:EE:00:00:03,-86
BLE,1676581693987440262,DF:DF:EE:00:00:04,-93
BLE,1676581694719726005,DF:DF:EE:00:00:02,-92
BLE,1676581694721290360,DF:DF:EE:00:00:02,-84
BLE,1676581694950429874,DF:DF:EE:00:00:03,-93
BLE,1676581695188096277,DF:DF:EE:00:00:02,-91
BLE,1676581695423194421,DF:DF:EE:00:00:05,-89
BLE,1676581695685838702,DF:DF:EE:00:00:01,-84
BLE,1676581695720258747,DF:DF:EE:00:00:02,-86
BLE,1676581695947722284,DF:DF:EE:00:00:03,-84
BLE,1676581695991334750,DF:DF:EE:00:00:04,-92
BLE,1676581696181192700,DF:DF:EE:00:00:02,-92
BLE,1676581696433178163,DF:DF:EE:00:00:05,-88
BLE,1676581696451468588,DF:DF:EE:00:00:04,-94
BLE,1676581696685045544,DF:DF:EE:00:00:01,-61
BLE,1676581696727935644,DF:DF:EE:00:00:02,-84
BLE,1676581696950088668,DF:DF:EE:00:00:03,-96
BLE,1676581697183936121,DF:DF:EE:00:00:02,-86
BLE,1676581697439428829,DF:DF:EE:00:00:05,-93
BLE,1676581697677718265,DF:DF:EE:00:00:01,-78
BLE,1676581697722098220,DF:DF:EE:00:00:02,-85
BLE,1676581697952718007,DF:DF:EE:00:00:03,-86
BLE,1676581698177591370,DF:DF:EE:00:00:02,-85
BLE,1676581698452531988,DF:DF:EE:00:00:04,-93
BLE,1676581698717628778,DF:DF:EE:00:00:02,-85
BLE,1676581698948826558,DF:DF:EE:00:00:03,-86
BLE,1676581699184506403,DF:DF:EE:00:00:02,-85
BLE,1676581699469421472,DF:DF:EE:00:00:05,-89
BLE,1676581699681920624,DF:DF:EE:00:00:01,-78
BLE,1676581699719434712,DF:DF:EE:00:00:02,-84
BLE,1676581700186876704,DF:DF:EE:00:00:02,-92
BLE,1676581700448005004,DF:DF:EE:00:00:04,-94
BLE,1676581700484351649,DF:DF:EE:00:00:05,-90
BLE,1676581700686442396,DF:DF:EE:00:00:01,-76
BLE,1676581700724701932,DF:DF:EE:00:00:02,-94
BLE,1676581700955077848,DF:DF:EE:00:00:03,-95
BLE,1676581700996632840,DF:DF:EE:00:00:04,-95
BLE,1676581701180260998,DF:DF:EE:00:00:02,-84
BLE,1676581701683569683,DF:DF:EE:00:00:01,-78
BLE,1676581701955491424,DF:DF:EE:00:00:03,-84
BLE,1676581702177965277,DF:DF:EE:00:00:02,-85
BLE,1676581702451138502,DF:DF:EE:00:00:04,-92
BLE,1676581702506919890,DF:DF:EE:00:00:05,-89
BLE,1676581702681322961,DF:DF:EE:00:00:01,-85
BLE,1676581702719712454,DF:DF:EE:00:00:02,-86
BLE,1676581702954357146,DF:DF:EE:00:00:03,-86
BLE,1676581702986917508,DF:DF:EE:00:00:04,-93
BLE,1676581703181824767,DF:DF:EE:00:00:02,-84
BLE,1676581703521926316,DF:DF:EE:00:00:05,-89
BLE,1676581703680138059,DF:DF:EE:00:00:01,-76
BLE,1676581703727182604,DF:DF:EE:00:00:02,-84
BLE,1676581703952327214,DF:DF:EE:00:00:03,-97
BLE,1676581704181126150,DF:DF:EE:00:00:02,-85
BLE,1676581704452069946,DF:DF:EE:00:00:04,-94
BLE,1676581704534436524,DF:DF:EE:00:00:05,-90
BLE,1676581704678423331,DF:DF:EE:00:00:01,-79
BLE,1676581704948120226,DF:DF:EE:00:00:03,-85
BLE,1676581704989243392,DF:DF:EE:00:00:04,-93
BLE,1676581705179527836,DF:DF:EE:00:00:02,-92
BLE,1676581705549468908,DF:DF:EE:00:00:05,-90
BLE,1676581705686684137,DF:DF:EE:00:00:01,-79
BLE,1676581705724908549,DF:DF:EE:00:00:02,-84
BLE,1676581705954245311,DF:DF:EE:00:00:03,-95
BLE,1676581706560692800,DF:DF:EE:00:00:05,-90
BLE,1676581706681948573,DF:DF:EE:00:00:01,-78
BLE,1676581706722187459,DF:DF:EE:00:00:02,-86
BLE,1676581706957964719,DF:DF:EE:00:00:03,-85
BLE,1676581706992109268,DF:DF:EE:00:00:04,-93
BLE,1676581707188240469,DF:DF:EE:00:00:02,-83
BLE,1676581707570859873,DF:DF:EE:00:00:05,-89
BLE,1676581707719356245,DF:DF:EE:00:00:02,-93
BLE,1676581707948343095,DF:DF:EE:00:00:03,-86
BLE,1676581707986497424,DF:DF:EE:00:00:04,-92
BLE,1676581708184641057,DF:DF:EE:00:00:02,-85
BLE,1676581708575834139,DF:DF:EE:00:00:05,-93
BLE,1676581708686997713,DF:DF:EE:00:00:01,-84
BLE,1676581708720161733,DF:DF:EE:00:00:02,-83
BLE,1676581709184427309,DF:DF:EE:00:00:02,-91
BLE,1676581709453929499,DF:DF:EE:00:00:04,-94
BLE,1676581709587071198,DF:DF:EE:00:00:05,-79
BLE,1676581709682444063,DF:DF:EE:00:00:01,-85
BLE,1676581709718324464,DF:DF:EE:00:00:02,-85
BLE,1676581709958332044,DF:DF:EE:00:00:03,-94
BLE,1676581709994029531,DF:DF:EE:00:00:04,-95
BLE,1676581710182088755,DF:DF:EE:00:00:02,-84
BLE,1676581710602073374,DF:DF:EE:00:00:05,-93
BLE,1676581710686181430,DF:DF:EE:00:00:01,-78
BLE,1676581710721567754,DF:DF:EE:00:00:02,-83
BLE,1676581710953350317,DF:DF:EE:00:00:03,-85
BLE,1676581711180037198,DF:DF:EE:00:00:02,-86
BLE,1676581711452722929,DF:DF:EE:00:00:04,-92
BLE,1676581711613224017,DF:DF:EE:00:00:05,-94
BLE,1676581711685471813,DF:DF:EE:00:00:01,-86
BLE,1676581711722523990,DF:DF:EE:00:00:02,-86
BLE,1676581711957166474,DF:DF:EE:00:00:03,-97
BLE,1676581711992344092,DF:DF:EE:00:00:04,-92
BLE,1676581712180235402,DF:DF:EE:00:00:02,-92
BLE,1676581712685281439,DF:DF:EE:00:00:01,-78
BLE,1676581712722868984,DF:DF:EE:00:00:02,-83
BLE,1676581713181619591,DF:DF:EE:00:00:02,-86
BLE,1676581713450906867,DF:DF:EE:00:00:04,-94
BLE,1676581713634905145,DF:DF:EE:00:00:05,-94
BLE,1676581713682017731,DF:DF:EE:00:00:01,-85
BLE,1676581713727033553,DF:DF:EE:00:00:02,-93
BLE,1676581713952933444,DF:DF:EE:00:00:03,-86
BLE,1676581713995274676,DF:DF:EE:00:00:04,-94
BLE,1676581714186768814,DF:DF:EE:00:00:02,-83
BLE,1676581714644548267,DF:DF:EE:00:00:05,-94
BLE,1676581714679714052,DF:DF:EE:00:00:01,-77
BLE,1676581714728427575,DF:DF:EE:00:00:02,-83
BLE,1676581714987237365,DF:DF:EE:00:00:04,-93
BLE,1676581715186336026,DF:DF:EE:00:00:02,-85
BLE,1676581715451691688,DF:DF:EE:00:00:04,-93
BLE,1676581715655757909,DF:DF:EE:00:00:05,-95
BLE,1676581715687036704,DF:DF:EE:00:00:01,-86
BLE,1676581715718810701,DF:DF:EE:00:00:02,-84
BLE,1676581715957638796,DF:DF:EE:00:00:03,-86
BLE,1676581716181982458,DF:DF:EE:00:00:02,-92
BLE,1676581716454663022,DF:DF:EE:00:00:04,-94
BLE,1676581716668454532,DF:DF:EE:00:00:05,-96
BLE,1676581716686048883,DF:DF:EE:00:00:01,-76
BLE,1676581716726925759,DF:DF:EE:00:00:02,-83
BLE,1676581716949469236,DF:DF:EE:00:00:03,-86
BLE,1676581716994400809,DF:DF:EE:00:00:04,-94
BLE,1676581717182971443,DF:DF:EE:00:00:02,-83
BLE,1676581717456315916,DF:DF:EE:00:00:04,-92
BLE,1676581717680786409,DF:DF:EE:00:00:05,-96
BLE,1676581717721022711,DF:DF:EE:00:00:02,-83
BLE,1676581717952664735,DF:DF:EE:00:00:03,-85
BLE,1676581718185890279,DF:DF:EE:00:00:02,-93
BLE,1676581718447160744,DF:DF:EE:00:00:04,-94
BLE,1676581718685817842,DF:DF:EE:00:00:01,-77
BLE,1676581718948904616,DF:DF:EE:00:00:03,-86
BLE,1676581719687154364,DF:DF:EE:00:00:01,-78
BLE,1676581719699535368,DF:DF:EE:00:00:05,-90
BLE,1676581719721329246,DF:DF:EE:00:00:02,-85
BLE,1676581720187982249,DF:DF:EE:00:00:02,-92
BLE,1676581720447596194,DF:DF:EE:00:00:04,-92
BLE,1676581720677623448,DF:DF:EE:00:00:01,-78
BLE,1676581720713242269,DF:DF:EE:00:00:05,-89
BLE,1676581720718294285,DF:DF:EE:00:00:02,-85
BLE,1676581720952278694,DF:DF:EE:00:00:03,-75
BLE,1676581720994968839,DF:DF:EE:00:00:04,-94
BLE,1676581721448013688,DF:DF:EE:00:00:04,-95
BLE,1676581721687018322,DF:DF:EE:00:00:01,-79
BLE,1676581721726099723,DF:DF:EE:00:00:02,-83
BLE,1676581721989672699,DF:DF:EE:00:00:04,-95
BLE,1676581722182739899,DF:DF:EE:00:00:02,-75
BLE,1676581722452738541,DF:DF:EE:00:00:04,-92
BLE,1676581722680669530,DF:DF:EE:00:00:01,-78
BLE,1676581722739350046,DF:DF:EE:00:00:05,-89
BLE,1676581722949486021,DF:DF:EE:00:00:03,-85
BLE,1676581723181439332,DF:DF:EE:00:00:02,-92
BLE,1676581723686745990,DF:DF:EE:00:00:01,-78
BLE,1676581723720578418,DF:DF:EE:00:00:02,-92
BLE,1676581723950540381,DF:DF:EE:00:00:03,-95
BLE,1676581723989303452,DF:DF:EE:00:00:04,-94
BLE,1676581724180163056,DF:DF:EE:00:00:02,-83
BLE,1676581724682702917,DF:DF:EE:00:00:01,-78
BLE,1676581724724693279,DF:DF:EE:00:00:02,-85
BLE,1676581724764300215,DF:DF:EE:00:00:05,-89
BLE,1676581725187331543,DF:DF:EE:00:00:02,-83
BLE,1676581725719325724,DF:DF:EE:00:00:02,-93
BLE,1676581725771933863,DF:DF:EE:00:00:05,-90
BLE,1676581725954802030,DF:DF:EE:00:00:03,-94
BLE,1676581725986859523,DF:DF:EE:00:00:04,-93
BLE,1676581726688176301,DF:DF:EE:00:00:01,-85
BLE,1676581726950438837,DF:DF:EE:00:00:03,-84
BLE,1676581727178004831,DF:DF:EE:00:00:02,-85
BLE,1676581727678688384,DF:DF:EE:00:00:01,-85
BLE,1676581727722826259,DF:DF:EE:00:00:02,-92
BLE,1676581727786812455,DF:DF:EE:00:00:05,-97
BLE,1676581727950307796,DF:DF:EE:00:00:03,-86
BLE,1676581727991867872,DF:DF:EE:00:00:04,-94
BLE,1676581728181104580,DF:DF:EE:00:00:02,-83
BLE,1676581728952161603,DF:DF:EE:00:00:03,-84
BLE,1676581729181706696,DF:DF:EE:00:00:02,-85
BLE,1676581729457539594,DF:DF:EE:00:00:04,-94
BLE,1676581729681236139,DF:DF:EE:00:00:01,-85
BLE,1676581729718336607,DF:DF:EE:00:00:02,-85
BLE,1676581729801951753,DF:DF:EE:00:00:05,-89
BLE,1676581729957578531,DF:DF:EE:00:00:03,-95
BLE,1676581729986625730,DF:DF:EE:00:00:04,-94
BLE,1676581730184345452,DF:DF:EE:00:00:02,-83
BLE,1676581730727034116,DF:DF:EE:00:00:02,-83
BLE,1676581730815803944,DF:DF:EE:00:00:05,-89
BLE,1676581730987334428,DF:DF:EE:00:00:04,-93
BLE,1676581731186866042,DF:DF:EE:00:00:02,-92
BLE,1676581731452404826,DF:DF:EE:00:00:04,-92
BLE,1676581731683489274,DF:DF:EE:00:00:01,-85
BLE,1676581731724120362,DF:DF:EE:00:00:02,-86
BLE,1676581731828120780,DF:DF:EE:00:00:05,-90
BLE,1676581731949623675,DF:DF:EE:00:00:03,-75
BLE,1676581731990557884,DF:DF:EE:00:00:04,-82
BLE,1676581732186368464,DF:DF:EE:00:00:02,-84
BLE,1676581732682254122,DF:DF:EE:00:00:01,-76
BLE,1676581732721386022,DF:DF:EE:00:00:02,-82
BLE,1676581732838160730,DF:DF:EE:00:00:05,-74
BLE,1676581732947346162,DF:DF:EE:00:00:03,-86
BLE,1676581732988834614,DF:DF:EE:00:00:04,-82
BLE,1676581733185367351,DF:DF:EE:00:00:02,-76
BLE,1676581733681143761,DF:DF:EE:00:00:01,-78
BLE,1676581733726109250,DF:DF:EE:00:00:02,-70
BLE,1676581733848229845,DF:DF:EE:00:00:05,-82
BLE,1676581733849442746,DF:DF:EE:00:00:05,-75
BLE,1676581733952689507,DF:DF:EE:00:00:03,-84
BLE,1676581733994193042,DF:DF:EE:00:00:04,-92
BLE,1676581734187032537,DF:DF:EE:00:00:02,-83
BLE,1676581734686425481,DF:DF:EE:00:00:01,-76
BLE,1676581734719810082,DF:DF:EE:00:00:02,-94
BLE,1676581734864443088,DF:DF:EE:00:00:05,-89
BLE,1676581734952188471,DF:DF:EE:00:00:03,-94
BLE,1676581734993781921,DF:DF:EE:00:00:04,-93
BLE,1676581735186272004,DF:DF:EE:00:00:02,-76
BLE,1676581735683487436,DF:DF:EE:00:00:01,-78
BLE,1676581735720057953,DF:DF:EE:00:00:02,-84
BLE,1676581735871944071,DF:DF:EE:00:00:05,-93
BLE,1676581735954877434,DF:DF:EE:00:00:03,-85
BLE,1676581736186320252,DF:DF:EE:00:00:02,-91
BLE,1676581736447296430,DF:DF:EE:00:00:04,-91
BLE,1676581736681310630,DF:DF:EE:00:00:01,-85
BLE,1676581736717396320,DF:DF:EE:00:00:02,-84
BLE,1676581736881927605,DF:DF:EE:00:00:05,-93
BLE,1676581736950827903,DF:DF:EE:00:00:03,-87
BLE,1676581736990000844,DF:DF:EE:00:00:04,-92
BLE,1676581737187021742,DF:DF:EE:00:00:02,-85
BLE,1676581737447370511,DF:DF:EE:00:00:04,-93
BLE,1676581737898230097,DF:DF:EE:00:00:05,-95
BLE,1676581737953314411,DF:DF:EE:00:00:03,-85
BLE,1676581738187525442,DF:DF:EE:00:00:02,-92
BLE,1676581738456480181,DF:DF:EE:00:00:04,-95
BLE,1676581738684449503,DF:DF:EE:00:00:01,-85
BLE,1676581738726740611,DF:DF:EE:00:00:02,-92
BLE,1676581738916003819,DF:DF:EE:00:00:05,-90
BLE,1676581738950844192,DF:DF:EE:00:00:03,-86
BLE,1676581738989998175,DF:DF:EE:00:00:04,-93
BLE,1676581739184924100,DF:DF:EE:00:00:02,-69
BLE,1676581739685043619,DF:DF:EE:00:00:01,-78
BLE,1676581739725162839,DF:DF:EE:00:00:02,-84
BLE,1676581739928036409,DF:DF:EE:00:00:05,-89
BLE,1676581740182067928,DF:DF:EE:00:00:02,-85
BLE,1676581740453677132,DF:DF:EE:00:00:04,-93
BLE,1676581740680000434,DF:DF:EE:00:00:01,-79
BLE,1676581740720354235,DF:DF:EE:00:00:02,-86
BLE,1676581740937955069,DF:DF:EE:00:00:05,-89
BLE,1676581740947882271,DF:DF:EE:00:00:03,-84
BLE,1676581740991941855,DF:DF:EE:00:00:04,-93
BLE,1676581741182173218,DF:DF:EE:00:00:02,-92
BLE,1676581741453258762,DF:DF:EE:00:00:04,-94
BLE,1676581741725416625,DF:DF:EE:00:00:02,-84
BLE,1676581741948047351,DF:DF:EE:00:00:05,-79
BLE,1676581741949249710,DF:DF:EE:00:00:05,-75
BLE,1676581741950888647,DF:DF:EE:00:00:03,-95
BLE,1676581741984699158,DF:DF:EE:00:00:04,-92
BLE,1676581742180884192,DF:DF:EE:00:00:02,-83
BLE,1676581742686334098,DF:DF:EE:00:00:01,-85
BLE,1676581742719780573,DF:DF:EE:00:00:02,-84
BLE,1676581742949341916,DF:DF:EE:00:00:03,-84
BLE,1676581742964326051,DF:DF:EE:00:00:05,-90
BLE,1676581742991890395,DF:DF:EE:00:00:04,-92
BLE,1676581743185693835,DF:DF:EE:00:00:02,-92
BLE,1676581743455578729,DF:DF:EE:00:00:04,-95
BLE,1676581743678054415,DF:DF:EE:00:00:01,-85
BLE,1676581743727370638,DF:DF:EE:00:00:02,-83
BLE,1676581743947493522,DF:DF:EE:00:00:03,-86
BLE,1676581743973044310,DF:DF:EE:00:00:05,-95
BLE,1676581743985356356,DF:DF:EE:00:00:04,-93
BLE,1676581744180102533,DF:DF:EE:00:00:02,-68
BLE,1676581744681239372,DF:DF:EE:00:00:01,-78
BLE,1676581744722607284,DF:DF:EE:00:00:02,-84
BLE,1676581744953912853,DF:DF:EE:00:00:03,-84
BLE,1676581745186127244,DF:DF:EE:00:00:02,-92
BLE,1676581745454686655,DF:DF:EE:00:00:04,-94
BLE,1676581745682677477,DF:DF:EE:00:00:01,-85
BLE,1676581745720209689,DF:DF:EE:00:00:02,-85
BLE,1676581745988786558,DF:DF:EE:00:00:04,-92
BLE,1676581745990581826,DF:DF:EE:00:00:05,-94
BLE,1676581746182826620,DF:DF:EE:00:00:02,-83
BLE,1676581746680174133,DF:DF:EE:00:00:01,-76
BLE,1676581746721402255,DF:DF:EE:00:00:02,-83
BLE,1676581746997998643,DF:DF:EE:00:00:05,-95
BLE,1676581747185395460,DF:DF:EE:00:00:02,-91
BLE,1676581747452647179,DF:DF:EE:00:00:04,-93
BLE,1676581747683872500,DF:DF:EE:00:00:01,-85
BLE,1676581747717655220,DF:DF:EE:00:00:02,-85
BLE,1676581747951516548,DF:DF:EE:00:00:03,-86
BLE,1676581748008040135,DF:DF:EE:00:00:05,-89
BLE,1676581748719049534,DF:DF:EE:00:00:02,-92
BLE,1676581749015429119,DF:DF:EE:00:00:05,-89
BLE,1676581749187779176,DF:DF:EE:00:00:02,-93
BLE,1676581749451943145,DF:DF:EE:00:00:04,-92
BLE,1676581749680858121,DF:DF:EE:00:00:01,-78
BLE,1676581749722342781,DF:DF:EE:00:00:02,-86
BLE,1676581749948444961,DF:DF:EE:00:00:03,-84
BLE,1676581750029114229,DF:DF:EE:00:00:05,-90
BLE,1676581750183160069,DF:DF:EE:00:00:02,-91
BLE,1676581750449981336,DF:DF:EE:00:00:04,-95
BLE,1676581750678109281,DF:DF:EE:00:00:01,-85
BLE,1676581750725237742,DF:DF:EE:00:00:02,-84
BLE,1676581750951779541,DF:DF:EE:00:00:03,-95
BLE,1676581751041687395,DF:DF:EE:00:00:05,-88
BLE,1676581751681142031,DF:DF:EE:00:00:01,-78
BLE,1676581751723149810,DF:DF:EE:00:00:02,-86
BLE,1676581752050457070,DF:DF:EE:00:00:05,-94
BLE,1676581752178438629,DF:DF:EE:00:00:02,-85
BLE,1676581752447574282,DF:DF:EE:00:00:04,-93
BLE,1676581752684425654,DF:DF:EE:00:00:01,-76
BLE,1676581752721249792,DF:DF:EE:00:00:02,-92
BLE,1676581752946715939,DF:DF:EE:00:00:03,-86
BLE,1676581752990703733,DF:DF:EE:00:00:04,-93
BLE,1676581753059149954,DF:DF:EE:00:00:05,-95
BLE,1676581753185260121,DF:DF:EE:00:00:02,-86
BLE,1676581753682003268,DF:DF:EE:00:00:01,-78
BLE,1676581753950472846,DF:DF:EE:00:00:03,-86
BLE,1676581754064137887,DF:DF:EE:00:00:05,-97
BLE,1676581754186773100,DF:DF:EE:00:00:02,-92
BLE,1676581754452723712,DF:DF:EE:00:00:04,-94
BLE,1676581754679820212,DF:DF:EE:00:00:01,-85
BLE,1676581754720331635,DF:DF:EE:00:00:02,-85
BLE,1676581754946062278,DF:DF:EE:00:00:03,-85
BLE,1676581754989643203,DF:DF:EE:00:00:04,-93
BLE,1676581755723828713,DF:DF:EE:00:00:02,-85
BLE,1676581755950284055,DF:DF:EE:00:00:03,-95
BLE,1676581755986077165,DF:DF:EE:00:00:04,-93
BLE,1676581756182823691,DF:DF:EE:00:00:02,-76
BLE,1676581756452955123,DF:DF:EE:00:00:04,-92
BLE,1676581756688550969,DF:DF:EE:00:00:01,-77
BLE,1676581756719801765,DF:DF:EE:00:00:02,-86
BLE,1676581756950910712,DF:DF:EE:00:00:03,-86
BLE,1676581757096612704,DF:DF:EE:00:00:05,-90
BLE,1676581757183781469,DF:DF:EE:00:00:02,-83
BLE,1676581757448699303,DF:DF:EE:00:00:04,-95
BLE,1676581757679459797,DF:DF:EE:00:00:01,-76
BLE,1676581757723857752,DF:DF:EE:00:00:02,-84
BLE,1676581757948024332,DF:DF:EE:00:00:03,-94
BLE,1676581757989010708,DF:DF:EE:00:00:04,-94
BLE,1676581758454049981,DF:DF:EE:00:00:04,-93
BLE,1676581758680339284,DF:DF:EE:00:00:01,-78
BLE,1676581758952642562,DF:DF:EE:00:00:03,-72
BLE,1676581758994172097,DF:DF:EE:00:00:04,-94
BLE,1676581759122902104,DF:DF:EE:00:00:05,-90
BLE,1676581759180123890,DF:DF:EE:00:00:02,-92
BLE,1676581759449302709,DF:DF:EE:00:00:04,-94
BLE,1676581759946687723,DF:DF:EE:00:00:03,-86
BLE,1676581759988974581,DF:DF:EE:00:00:04,-94
BLE,1676581760132853930,DF:DF:EE:00:00:05,-90
BLE,1676581760452721247,DF:DF:EE:00:00:04,-93
BLE,1676581760686160538,DF:DF:EE:00:00:01,-85
BLE,1676581760722981802,DF:DF:EE:00:00:02,-85
BLE,1676581760949231188,DF:DF:EE:00:00:03,-84
BLE,1676581761139128138,DF:DF:EE:00:00:05,-93
BLE,1676581761454301974,DF:DF:EE:00:00:04,-95
BLE,1676581761687751182,DF:DF:EE:00:00:01,-76
BLE,1676581761725188563,DF:DF:EE:00:00:02,-92
BLE,1676581761950770458,DF:DF:EE:00:00:03,-86
BLE,1676581761952399228,DF:DF:EE:00:00:03,-95
BLE,1676581761984168350,DF:DF:EE:00:00:04,-92
BLE,1676581762144169820,DF:DF:EE:00:00:05,-97
BLE,1676581762684131062,DF:DF:EE:00:00:01,-78
BLE,1676581762951754861,DF:DF:EE:00:00:03,-85
BLE,1676581763157131773,DF:DF:EE:00:00:05,-96
BLE,1676581763678033267,DF:DF:EE:00:00:01,-85
BLE,1676581763720488039,DF:DF:EE:00:00:02,-87
BLE,1676581763986505067,DF:DF:EE:00:00:04,-82
BLE,1676581764174266253,DF:DF:EE:00:00:05,-96
BLE,1676581764181894069,DF:DF:EE:00:00:02,-85
BLE,1676581764446582573,DF:DF:EE:00:00:04,-95
BLE,1676581764685521333,DF:DF:EE:00:00:01,-79
BLE,1676581764717977696,DF:DF:EE:00:00:02,-93
BLE,1676581764988081087,DF:DF:EE:00:00:04,-83
BLE,1676581765183474631,DF:DF:EE:00:00:02,-85
BLE,1676581765192993172,DF:DF:EE:00:00:05,-75
BLE,1676581765453892142,DF:DF:EE:00:00:04,-93
BLE,1676581765677764226,DF:DF:EE:00:00:01,-79
BLE,1676581765726189670,DF:DF:EE:00:00:02,-83
BLE,1676581765946610467,DF:DF:EE:00:00:03,-85
BLE,1676581766187407411,DF:DF:EE:00:00:02,-83
BLE,1676581766199238588,DF:DF:EE:00:00:05,-96
BLE,1676581766449234619,DF:DF:EE:00:00:04,-95
BLE,1676581766685074087,DF:DF:EE:00:00:01,-79
BLE,1676581766723875283,DF:DF:EE:00:00:02,-70
BLE,1676581766951707731,DF:DF:EE:00:00:03,-95
BLE,1676581766990102224,DF:DF:EE:00:00:04,-94
BLE,1676581767204209354,DF:DF:EE:00:00:05,-96
BLE,1676581767679424285,DF:DF:EE:00:00:01,-79
BLE,1676581767990088182,DF:DF:EE:00:00:04,-92
BLE,1676581768185663182,DF:DF:EE:00:00:02,-84
BLE,1676581768217949588,DF:DF:EE:00:00:05,-94
BLE,1676581768445609414,DF:DF:EE:00:00:04,-94
BLE,1676581768680465020,DF:DF:EE:00:00:01,-61
BLE,1676581768719236592,DF:DF:EE:00:00:02,-93
BLE,1676581768950058376,DF:DF:EE:00:00:03,-95
BLE,1676581768984207175,DF:DF:EE:00:00:04,-93
BLE,1676581769185489016,DF:DF:EE:00:00:02,-75
BLE,1676581769683454813,DF:DF:EE:00:00:01,-80
BLE,1676581769720691946,DF:DF:EE:00:00:02,-83
BLE,1676581769949234177,DF:DF:EE:00:00:03,-85
BLE,1676581770181838563,DF:DF:EE:00:00:02,-92
BLE,1676581770235375522,DF:DF:EE:00:00:05,-89
BLE,1676581770451782414,DF:DF:EE:00:00:04,-95
BLE,1676581770686340524,DF:DF:EE:00:00:01,-77
BLE,1676581770950488784,DF:DF:EE:00:00:03,-87
BLE,1676581770990586921,DF:DF:EE:00:00:04,-95
BLE,1676581771182303764,DF:DF:EE:00:00:02,-84
BLE,1676581771242883880,DF:DF:EE:00:00:05,-94
BLE,1676581771950186787,DF:DF:EE:00:00:03,-85
BLE,1676581772179677964,DF:DF:EE:00:00:02,-86
BLE,1676581772247925521,DF:DF:EE:00:00:05,-96
BLE,1676581772445783782,DF:DF:EE:00:00:04,-92
BLE,1676581772683390644,DF:DF:EE:00:00:01,-86
BLE,1676581772685064247,DF:DF:EE:00:00:01,-77
BLE,1676581772718555429,DF:DF:EE:00:00:02,-85
BLE,1676581772948530516,DF:DF:EE:00:00:03,-86
BLE,1676581772992615851,DF:DF:EE:00:00:04,-94
BLE,1676581773181393565,DF:DF:EE:00:00:02,-83
BLE,1676581773447733464,DF:DF:EE:00:00:04,-95
BLE,1676581773722131131,DF:DF:EE:00:00:02,-84
BLE,1676581773953201662,DF:DF:EE:00:00:03,-85
BLE,1676581773985345737,DF:DF:EE:00:00:04,-92
BLE,1676581774180705865,DF:DF:EE:00:00:02,-85
BLE,1676581774265360247,DF:DF:EE:00:00:05,-90
BLE,1676581774722583790,DF:DF:EE:00:00:02,-86
BLE,1676581774953967984,DF:DF:EE:00:00:03,-87
BLE,1676581774990790206,DF:DF:EE:00:00:04,-92
BLE,1676581775178434060,DF:DF:EE:00:00:02,-93
BLE,1676581775274210504,DF:DF:EE:00:00:05,-90
BLE,1676581775719851950,DF:DF:EE:00:00:02,-93
BLE,1676581775950615735,DF:DF:EE:00:00:03,-95
BLE,1676581776287948696,DF:DF:EE:00:00:05,-90
BLE,1676581776684253086,DF:DF:EE:00:00:01,-85
BLE,1676581776720601773,DF:DF:EE:00:00:02,-85
BLE,1676581776946638203,DF:DF:EE:00:00:03,-85
BLE,1676581777294195529,DF:DF:EE:00:00:05,-94
BLE,1676581777449557268,DF:DF:EE:00:00:04,-94
BLE,1676581777680313762,DF:DF:EE:00:00:01,-62
BLE,1676581777718239553,DF:DF:EE:00:00:02,-92
BLE,1676581777952611332,DF:DF:EE:00:00:03,-95
BLE,1676581778178691470,DF:DF:EE:00:00:02,-84
BLE,1676581778300260864,DF:DF:EE:00:00:05,-87
BLE,1676581778679498063,DF:DF:EE:00:00:01,-78
BLE,1676581778949763201,DF:DF:EE:00:00:03,-85
BLE,1676581779187965430,DF:DF:EE:00:00:02,-84
BLE,1676581779447773540,DF:DF:EE:00:00:04,-92
BLE,1676581779687981908,DF:DF:EE:00:00:01,-77
BLE,1676581779949522578,DF:DF:EE:00:00:03,-86
BLE,1676581779984370701,DF:DF:EE:00:00:04,-91
BLE,1676581780179000547,DF:DF:EE:00:00:02,-83
BLE,1676581780331739821,DF:DF:EE:00:00:05,-93
BLE,1676581780947017860,DF:DF:EE:00:00:03,-95
BLE,1676581781183372072,DF:DF:EE:00:00:02,-92
BLE,1676581781347823483,DF:DF:EE:00:00:05,-90
BLE,1676581781453497420,DF:DF:EE:00:00:04,-94
BLE,1676581781682453437,DF:DF:EE:00:00:01,-85
BLE,1676581781715759039,DF:DF:EE:00:00:02,-87
BLE,1676581781946549324,DF:DF:EE:00:00:03,-85
BLE,1676581781986838250,DF:DF:EE:00:00:04,-83
BLE,1676581782185979328,DF:DF:EE:00:00:02,-85
BLE,1676581782355371257,DF:DF:EE:00:00:05,-93
BLE,1676581782679298228,DF:DF:EE:00:00:01,-76
BLE,1676581782720666098,DF:DF:EE:00:00:02,-84
BLE,1676581783185914536,DF:DF:EE:00:00:02,-92
BLE,1676581783361954585,DF:DF:EE:00:00:05,-97
BLE,1676581783448006282,DF:DF:EE:00:00:04,-93
BLE,1676581783683329173,DF:DF:EE:00:00:01,-85
BLE,1676581783723466185,DF:DF:EE:00:00:02,-85
BLE,1676581783946909775,DF:DF:EE:00:00:03,-85
BLE,1676581784187817009,DF:DF:EE:00:00:02,-83
BLE,1676581784449126891,DF:DF:EE:00:00:04,-94
BLE,1676581784720442849,DF:DF:EE:00:00:02,-93
BLE,1676581784949212285,DF:DF:EE:00:00:03,-94
BLE,1676581785385343399,DF:DF:EE:00:00:05,-97
BLE,1676581785949649778,DF:DF:EE:00:00:03,-84
BLE,1676581786185367373,DF:DF:EE:00:00:02,-83
BLE,1676581786400281075,DF:DF:EE:00:00:05,-97
BLE,1676581786451740437,DF:DF:EE:00:00:04,-96
BLE,1676581786681179948,DF:DF:EE:00:00:01,-76
BLE,1676581786716093279,DF:DF:EE:00:00:02,-85
BLE,1676581786954794167,DF:DF:EE:00:00:03,-94
BLE,1676581787412771451,DF:DF:EE:00:00:05,-85
BLE,1676581787680716995,DF:DF:EE:00:00:01,-78
BLE,1676581787950877051,DF:DF:EE:00:00:03,-84
BLE,1676581788177390434,DF:DF:EE:00:00:02,-85
BLE,1676581788420359766,DF:DF:EE:00:00:05,-97
BLE,1676581788454776062,DF:DF:EE:00:00:04,-95
BLE,1676581788677928614,DF:DF:EE:00:00:01,-85
BLE,1676581788725496027,DF:DF:EE:00:00:02,-91
BLE,1676581788991039186,DF:DF:EE:00:00:04,-94
BLE,1676581789178663666,DF:DF:EE:00:00:02,-83
BLE,1676581789435372108,DF:DF:EE:00:00:05,-96
BLE,1676581789444985565,DF:DF:EE:00:00:04,-95
BLE,1676581789681663563,DF:DF:EE:00:00:01,-78
BLE,1676581789719929641,DF:DF:EE:00:00:02,-84
BLE,1676581790180301727,DF:DF:EE:00:00:02,-85
BLE,1676581790448488976,DF:DF:EE:00:00:04,-93
BLE,1676581790715744612,DF:DF:EE:00:00:02,-86
BLE,1676581790944627880,DF:DF:EE:00:00:03,-84
BLE,1676581791452856750,DF:DF:EE:00:00:05,-89
BLE,1676581791685911422,DF:DF:EE:00:00:01,-78
BLE,1676581791726002350,DF:DF:EE:00:00:02,-83
BLE,1676581791952702106,DF:DF:EE:00:00:03,-84
BLE,1676581792177985630,DF:DF:EE:00:00:02,-75
BLE,1676581792461774131,DF:DF:EE:00:00:05,-80
BLE,1676581792462880116,DF:DF:EE:00:00:05,-77
BLE,1676581792677209535,DF:DF:EE:00:00:01,-79
BLE,1676581792720691628,DF:DF:EE:00:00:02,-74
BLE,1676581792944251383,DF:DF:EE:00:00:03,-84
BLE,1676581793178953241,DF:DF:EE:00:00:02,-92
BLE,1676581793471644625,DF:DF:EE:00:00:05,-94
BLE,1676581793682899417,DF:DF:EE:00:00:01,-62
BLE,1676581793950420800,DF:DF:EE:00:00:03,-95
BLE,1676581794180191182,DF:DF:EE:00:00:02,-85
BLE,1676581794479117775,DF:DF:EE:00:00:05,-97
BLE,1676581794480178677,DF:DF:EE:00:00:05,-94
BLE,1676581794687549521,DF:DF:EE:00:00:01,-85
BLE,1676581795186377557,DF:DF:EE:00:00:02,-84
BLE,1676581795444656729,DF:DF:EE:00:00:04,-94
BLE,1676581795678283184,DF:DF:EE:00:00:01,-86
BLE,1676581795722942594,DF:DF:EE:00:00:02,-94
BLE,1676581795948293034,DF:DF:EE:00:00:03,-86
BLE,1676581795985441544,DF:DF:EE:00:00:04,-93
BLE,1676581796179542563,DF:DF:EE:00:00:02,-84
BLE,1676581796502717836,DF:DF:EE:00:00:05,-96
BLE,1676581796679872454,DF:DF:EE:00:00:01,-79
BLE,1676581796718988395,DF:DF:EE:00:00:02,-84
BLE,1676581796949085481,DF:DF:EE:00:00:03,-84
BLE,1676581797182326692,DF:DF:EE:00:00:02,-92
BLE,1676581797447323441,DF:DF:EE:00:00:04,-82
BLE,1676581797511487552,DF:DF:EE:00:00:05,-94
BLE,1676581797687725891,DF:DF:EE:00:00:01,-77
BLE,1676581797726144550,DF:DF:EE:00:00:02,-92
BLE,1676581797950469420,DF:DF:EE:00:00:03,-87
BLE,1676581797987694636,DF:DF:EE:00:00:04,-93
BLE,1676581798183294136,DF:DF:EE:00:00:02,-84
BLE,1676581798527726670,DF:DF:EE:00:00:05,-96
BLE,1676581798681108852,DF:DF:EE:00:00:01,-78
BLE,1676581798718694230,DF:DF:EE:00:00:02,-84
BLE,1676581798952712097,DF:DF:EE:00:00:03,-84
BLE,1676581799184289247,DF:DF:EE:00:00:02,-92
BLE,1676581799448621922,DF:DF:EE:00:00:04,-94
BLE,1676581799538925395,DF:DF:EE:00:00:05,-94
BLE,1676581799687052980,DF:DF:EE:00:00:01,-77
BLE,1676581799716059597,DF:DF:EE:00:00:02,-85
BLE,1676581799949055020,DF:DF:EE:00:00:03,-87
BLE,1676581800177312004,DF:DF:EE:00:00:02,-93
BLE,1676581800554014778,DF:DF:EE:00:00:05,-98
BLE,1676581800686164116,DF:DF:EE:00:00:01,-79
BLE,1676581800720590245,DF:DF:EE:00:00:02,-68
BLE,1676581800948988394,DF:DF:EE:00:00:03,-96
BLE,1676581801180711583,DF:DF:EE:00:00:02,-86
BLE,1676581801452191289,DF:DF:EE:00:00:04,-94
BLE,1676581801569079286,DF:DF:EE:00:00:05,-92
BLE,1676581801687929008,DF:DF:EE:00:00:01,-77
BLE,1676581802179762095,DF:DF:EE:00:00:02,-92
BLE,1676581802583832132,DF:DF:EE:00:00:05,-95
BLE,1676581802954145865,DF:DF:EE:00:00:03,-93
BLE,1676581802990618300,DF:DF:EE:00:00:04,-94
BLE,1676581803452329785,DF:DF:EE:00:00:04,-93
BLE,1676581803590109090,DF:DF:EE:00:00:05,-95
BLE,1676581803681331135,DF:DF:EE:00:00:01,-78
BLE,1676581803725009683,DF:DF:EE:00:00:02,-86
BLE,1676581803947405578,DF:DF:EE:00:00:03,-85
BLE,1676581803991146084,DF:DF:EE:00:00:04,-93
BLE,1676581804178162113,DF:DF:EE:00:00:02,-92
BLE,1676581804451951539,DF:DF:EE:00:00:04,-94
BLE,1676581804683518563,DF:DF:EE:00:00:01,-76
BLE,1676581804718191147,DF:DF:EE:00:00:02,-93
BLE,1676581804953896783,DF:DF:EE:00:00:03,-95
BLE,1676581804991466370,DF:DF:EE:00:00:04,-96
BLE,1676581805611344807,DF:DF:EE:00:00:05,-98
BLE,1676581805682435784,DF:DF:EE:00:00:01,-78
BLE,1676581805950226955,DF:DF:EE:00:00:03,-84
BLE,1676581806181636190,DF:DF:EE:00:00:02,-92
BLE,1676581806621422923,DF:DF:EE:00:00:05,-90
BLE,1676581806683291480,DF:DF:EE:00:00:01,-77
BLE,1676581806725600880,DF:DF:EE:00:00:02,-92
BLE,1676581806986193812,DF:DF:EE:00:00:04,-92
BLE,1676581807681292172,DF:DF:EE:00:00:01,-78
BLE,1676581807945783678,DF:DF:EE:00:00:03,-96
BLE,1676581808185741384,DF:DF:EE:00:00:02,-92
BLE,1676581808451894076,DF:DF:EE:00:00:04,-92
BLE,1676581808686211189,DF:DF:EE:00:00:01,-76
BLE,1676581808946209547,DF:DF:EE:00:00:03,-85
BLE,1676581809724230561,DF:DF:EE:00:00:02,-83
BLE,1676581809946922661,DF:DF:EE:00:00:03,-93
BLE,1676581810186101460,DF:DF:EE:00:00:02,-93
BLE,1676581810450206971,DF:DF:EE:00:00:04,-82
BLE,1676581810670131858,DF:DF:EE:00:00:05,-89
BLE,1676581810676316109,DF:DF:EE:00:00:01,-78
BLE,1676581810951373643,DF:DF:EE:00:00:03,-86
BLE,1676581811181140274,DF:DF:EE:00:00:02,-92
BLE,1676581811446113732,DF:DF:EE:00:00:04,-96
BLE,1676581811682597025,DF:DF:EE:00:00:05,-75
BLE,1676581811717413024,DF:DF:EE:00:00:02,-92
BLE,1676581811990912786,DF:DF:EE:00:00:04,-84
BLE,1676581812180787278,DF:DF:EE:00:00:02,-86
BLE,1676581812679910476,DF:DF:EE:00:00:01,-79
BLE,1676581812688920316,DF:DF:EE:00:00:05,-94
BLE,1676581812948912215,DF:DF:EE:00:00:03,-84
BLE,1676581813176134588,DF:DF:EE:00:00:02,-86
BLE,1676581813445442281,DF:DF:EE:00:00:04,-94
BLE,1676581813680735422,DF:DF:EE:00:00:01,-76
BLE,1676581813696347216,DF:DF:EE:00:00:05,-94
BLE,1676581813718794711,DF:DF:EE:00:00:02,-93
BLE,1676581813946273123,DF:DF:EE:00:00:03,-86
BLE,1676581813983768586,DF:DF:EE:00:00:04,-93
BLE,1676581814179899412,DF:DF:EE:00:00:02,-84
BLE,1676581814682127278,DF:DF:EE:00:00:01,-78
BLE,1676581814720742684,DF:DF:EE:00:00:02,-83
BLE,1676581814949950032,DF:DF:EE:00:00:03,-85
BLE,1676581815181224352,DF:DF:EE:00:00:02,-92
BLE,1676581815453637378,DF:DF:EE:00:00:04,-94
BLE,1676581815685933851,DF:DF:EE:00:00:01,-76
BLE,1676581815720930389,DF:DF:EE:00:00:02,-92
BLE,1676581815728829118,DF:DF:EE:00:00:05,-90
BLE,1676581815946861488,DF:DF:EE:00:00:03,-85
BLE,1676581816178305222,DF:DF:EE:00:00:02,-83
BLE,1676581816681689906,DF:DF:EE:00:00:01,-79
BLE,1676581816716757360,DF:DF:EE:00:00:02,-93
BLE,1676581816718076592,DF:DF:EE:00:00:02,-85
BLE,1676581816735071993,DF:DF:EE:00:00:05,-93
BLE,1676581816946873028,DF:DF:EE:00:00:03,-94
BLE,1676581817178101849,DF:DF:EE:00:00:02,-85
BLE,1676581817448894272,DF:DF:EE:00:00:04,-93
BLE,1676581817684531618,DF:DF:EE:00:00:01,-85
BLE,1676581817748851268,DF:DF:EE:00:00:05,-94
BLE,1676581817952669284,DF:DF:EE:00:00:03,-86
BLE,1676581817987738904,DF:DF:EE:00:00:04,-94
BLE,1676581818183021575,DF:DF:EE:00:00:02,-83
BLE,1676581818447408290,DF:DF:EE:00:00:04,-94
BLE,1676581818718010299,DF:DF:EE:00:00:02,-93
BLE,1676581818756396125,DF:DF:EE:00:00:05,-95
BLE,1676581818945900581,DF:DF:EE:00:00:03,-95
BLE,1676581818981791190,DF:DF:EE:00:00:04,-93
BLE,1676581819181380637,DF:DF:EE:00:00:02,-85
BLE,1676581819684200036,DF:DF:EE:00:00:01,-85
BLE,1676581819723003149,DF:DF:EE:00:00:02,-85
BLE,1676581819952765739,DF:DF:EE:00:00:03,-86
BLE,1676581820186452694,DF:DF:EE:00:00:02,-84
BLE,1676581820723434892,DF:DF:EE:00:00:02,-83
BLE,1676581820773900600,DF:DF:EE:00:00:05,-89
BLE,1676581820952212495,DF:DF:EE:00:00:03,-95
BLE,1676581820987723526,DF:DF:EE:00:00:04,-94
BLE,1676581821682195769,DF:DF:EE:00:00:01,-78
BLE,1676581821717590593,DF:DF:EE:00:00:02,-69
BLE,1676581821950934511,DF:DF:EE:00:00:03,-85
BLE,1676581822180322772,DF:DF:EE:00:00:02,-92
BLE,1676581822443885749,DF:DF:EE:00:00:04,-91
BLE,1676581822683827913,DF:DF:EE:00:00:01,-76
BLE,1676581822721103420,DF:DF:EE:00:00:02,-93
BLE,1676581822793964833,DF:DF:EE:00:00:05,-89
BLE,1676581822952711153,DF:DF:EE:00:00:03,-96
BLE,1676581822991451349,DF:DF:EE:00:00:04,-95
BLE,1676581823180220189,DF:DF:EE:00:00:02,-83
BLE,1676581823686411877,DF:DF:EE:00:00:01,-85
BLE,1676581823719035238,DF:DF:EE:00:00:02,-84
BLE,1676581823801460899,DF:DF:EE:00:00:05,-93
BLE,1676581824176607611,DF:DF:EE:00:00:02,-84
BLE,1676581824448477436,DF:DF:EE:00:00:04,-94
BLE,1676581824679754631,DF:DF:EE:00:00:01,-85
BLE,1676581824806448374,DF:DF:EE:00:00:05,-96
BLE,1676581824946747854,DF:DF:EE:00:00:03,-86
BLE,1676581825722786603,DF:DF:EE:00:00:02,-83
BLE,1676581825947683549,DF:DF:EE:00:00:03,-96
BLE,1676581826185422200,DF:DF:EE:00:00:02,-92
BLE,1676581826448896886,DF:DF:EE:00:00:04,-92
BLE,1676581826679141595,DF:DF:EE:00:00:01,-84
BLE,1676581826717379631,DF:DF:EE:00:00:02,-84
BLE,1676581826944066387,DF:DF:EE:00:00:03,-85
BLE,1676581827177930548,DF:DF:EE:00:00:02,-93
BLE,1676581827723221261,DF:DF:EE:00:00:02,-84
BLE,1676581827837655708,DF:DF:EE:00:00:05,-89
BLE,1676581827987015402,DF:DF:EE:00:00:04,-94
BLE,1676581828450902816,DF:DF:EE:00:00:04,-92
BLE,1676581828685669506,DF:DF:EE:00:00:01,-84
BLE,1676581828718947983,DF:DF:EE:00:00:02,-86
BLE,1676581828850329373,DF:DF:EE:00:00:05,-89
BLE,1676581829179568107,DF:DF:EE:00:00:02,-92
BLE,1676581829450372905,DF:DF:EE:00:00:04,-94
BLE,1676581829860199950,DF:DF:EE:00:00:05,-90
BLE,1676581829952801060,DF:DF:EE:00:00:03,-96
BLE,1676581829990297898,DF:DF:EE:00:00:04,-94
BLE,1676581830178520203,DF:DF:EE:00:00:02,-84
BLE,1676581830677004035,DF:DF:EE:00:00:01,-78
BLE,1676581830718561278,DF:DF:EE:00:00:02,-84
BLE,1676581830872693534,DF:DF:EE:00:00:05,-90
BLE,1676581831182696230,DF:DF:EE:00:00:02,-91
BLE,1676581831443746574,DF:DF:EE:00:00:04,-82
BLE,1676581831726700919,DF:DF:EE:00:00:02,-84
BLE,1676581831944116339,DF:DF:EE:00:00:03,-86
BLE,1676581831984176726,DF:DF:EE:00:00:04,-92
BLE,1676581832683675528,DF:DF:EE:00:00:01,-78
BLE,1676581832719645928,DF:DF:EE:00:00:02,-83
BLE,1676581832896804629,DF:DF:EE:00:00:05,-91
BLE,1676581832948902358,DF:DF:EE:00:00:03,-84
BLE,1676581833183882670,DF:DF:EE:00:00:02,-92
BLE,1676581833446532701,DF:DF:EE:00:00:04,-92
BLE,1676581833677794896,DF:DF:EE:00:00:01,-84
BLE,1676581833721495694,DF:DF:EE:00:00:02,-91
BLE,1676581833911466143,DF:DF:EE:00:00:05,-89
BLE,1676581833946637803,DF:DF:EE:00:00:03,-86
BLE,1676581833988588999,DF:DF:EE:00:00:04,-93
BLE,1676581834685229422,DF:DF:EE:00:00:01,-65
BLE,1676581834723717747,DF:DF:EE:00:00:02,-84
BLE,1676581834952064230,DF:DF:EE:00:00:03,-84
BLE,1676581834986100114,DF:DF:EE:00:00:04,-95
BLE,1676581835180299632,DF:DF:EE:00:00:02,-86
BLE,1676581835448021304,DF:DF:EE:00:00:04,-95
BLE,1676581835684129060,DF:DF:EE:00:00:01,-84
BLE,1676581835717937822,DF:DF:EE:00:00:02,-85
BLE,1676581835937763710,DF:DF:EE:00:00:05,-90
BLE,1676581835950694997,DF:DF:EE:00:00:03,-86
BLE,1676581836181542323,DF:DF:EE:00:00:02,-84
BLE,1676581836446694070,DF:DF:EE:00:00:04,-93
BLE,1676581836680893185,DF:DF:EE:00:00:01,-61
BLE,1676581836726871953,DF:DF:EE:00:00:02,-68
BLE,1676581836985522286,DF:DF:EE:00:00:04,-94
BLE,1676581837180859289,DF:DF:EE:00:00:02,-85
BLE,1676581837451496006,DF:DF:EE:00:00:04,-93
BLE,1676581837678877002,DF:DF:EE:00:00:01,-78
BLE,1676581837722873713,DF:DF:EE:00:00:02,-85
BLE,1676581837955227102,DF:DF:EE:00:00:05,-93
BLE,1676581838184207285,DF:DF:EE:00:00:02,-84
BLE,1676581838445932578,DF:DF:EE:00:00:04,-94
BLE,1676581838681907794,DF:DF:EE:00:00:01,-76
BLE,1676581838720467493,DF:DF:EE:00:00:02,-90
BLE,1676581838952491970,DF:DF:EE:00:00:03,-97
BLE,1676581838963951319,DF:DF:EE:00:00:05,-92
BLE,1676581838981839374,DF:DF:EE:00:00:04,-93
BLE,1676581839678161718,DF:DF:EE:00:00:01,-78
BLE,1676581839721215774,DF:DF:EE:00:00:02,-84
BLE,1676581839950759742,DF:DF:EE:00:00:03,-84
BLE,1676581839980204561,DF:DF:EE:00:00:05,-93
BLE,1676581840186985288,DF:DF:EE:00:00:02,-83
BLE,1676581840450064688,DF:DF:EE:00:00:04,-94
BLE,1676581840676759943,DF:DF:EE:00:00:01,-84
BLE,1676581840722436215,DF:DF:EE:00:00:02,-91
BLE,1676581840947215787,DF:DF:EE:00:00:03,-85
BLE,1676581840985062162,DF:DF:EE:00:00:04,-92
BLE,1676581840986274480,DF:DF:EE:00:00:05,-95
BLE,1676581841684262635,DF:DF:EE:00:00:01,-77
BLE,1676581841724159983,DF:DF:EE:00:00:02,-71
BLE,1676581841950608241,DF:DF:EE:00:00:03,-71
BLE,1676581841982034660,DF:DF:EE:00:00:04,-82
BLE,1676581841996395178,DF:DF:EE:00:00:05,-96
BLE,1676581842180077919,DF:DF:EE:00:00:02,-85
BLE,1676581842684800335,DF:DF:EE:00:00:01,-76
BLE,1676581842723129412,DF:DF:EE:00:00:02,-92
BLE,1676581842944778609,DF:DF:EE:00:00:03,-85
BLE,1676581843006379253,DF:DF:EE:00:00:05,-96
BLE,1676581843179292511,DF:DF:EE:00:00:02,-84
BLE,1676581843445751783,DF:DF:EE:00:00:04,-94
BLE,1676581843682044287,DF:DF:EE:00:00:01,-64
BLE,1676581843944186490,DF:DF:EE:00:00:03,-96
BLE,1676581843985559319,DF:DF:EE:00:00:04,-93
BLE,1676581844016271788,DF:DF:EE:00:00:05,-89
BLE,1676581844185609843,DF:DF:EE:00:00:02,-91
BLE,1676581844446632437,DF:DF:EE:00:00:04,-82
BLE,1676581844675717161,DF:DF:EE:00:00:01,-79
BLE,1676581844945088394,DF:DF:EE:00:00:03,-73
BLE,1676581844988295365,DF:DF:EE:00:00:04,-93
BLE,1676581845181842433,DF:DF:EE:00:00:02,-83
BLE,1676581845722928828,DF:DF:EE:00:00:02,-85
BLE,1676581845951871303,DF:DF:EE:00:00:03,-94
BLE,1676581845987707163,DF:DF:EE:00:00:04,-83
BLE,1676581846037613087,DF:DF:EE:00:00:05,-90
BLE,1676581846183293330,DF:DF:EE:00:00:02,-84
BLE,1676581846721342389,DF:DF:EE:00:00:02,-86
BLE,1676581846951719387,DF:DF:EE:00:00:03,-86
BLE,1676581847053816539,DF:DF:EE:00:00:05,-90
BLE,1676581847178097730,DF:DF:EE:00:00:02,-93
BLE,1676581847442641069,DF:DF:EE:00:00:04,-94
BLE,1676581847679462608,DF:DF:EE:00:00:01,-75
BLE,1676581847945531843,DF:DF:EE:00:00:03,-86
BLE,1676581847982000028,DF:DF:EE:00:00:04,-91
BLE,1676581848066311623,DF:DF:EE:00:00:05,-89
BLE,1676581848680096765,DF:DF:EE:00:00:01,-78
BLE,1676581848951403223,DF:DF:EE:00:00:03,-85
BLE,1676581849075175796,DF:DF:EE:00:00:05,-89
BLE,1676581849187184150,DF:DF:EE:00:00:02,-85
BLE,1676581849443066811,DF:DF:EE:00:00:04,-91
BLE,1676581849686437472,DF:DF:EE:00:00:01,-76
BLE,1676581849721911045,DF:DF:EE:00:00:02,-91
BLE,1676581849948602092,DF:DF:EE:00:00:03,-86
BLE,1676581849982908889,DF:DF:EE:00:00:04,-93
BLE,1676581850088915447,DF:DF:EE:00:00:05,-89
BLE,1676581850179446126,DF:DF:EE:00:00:02,-85
BLE,1676581850445151158,DF:DF:EE:00:00:04,-95
BLE,1676581850722603243,DF:DF:EE:00:00:02,-84
BLE,1676581850947895725,DF:DF:EE:00:00:03,-95
BLE,1676581851096299890,DF:DF:EE:00:00:05,-95
BLE,1676581851185464045,DF:DF:EE:00:00:02,-92
BLE,1676581851450255506,DF:DF:EE:00:00:04,-93
BLE,1676581851684922531,DF:DF:EE:00:00:01,-76
BLE,1676581851716976274,DF:DF:EE:00:00:02,-86
BLE,1676581852110183288,DF:DF:EE:00:00:05,-93
BLE,1676581852111385314,DF:DF:EE:00:00:05,-90
BLE,1676581852684222081,DF:DF:EE:00:00:01,-66
BLE,1676581852945265466,DF:DF:EE:00:00:03,-85
BLE,1676581852984728236,DF:DF:EE:00:00:04,-93
BLE,1676581853121632428,DF:DF:EE:00:00:05,-94
BLE,1676581853450731247,DF:DF:EE:00:00:04,-82
BLE,1676581853687045751,DF:DF:EE:00:00:01,-77
BLE,1676581853721570836,DF:DF:EE:00:00:02,-75
BLE,1676581853944277769,DF:DF:EE:00:00:03,-71
BLE,1676581854136216859,DF:DF:EE:00:00:05,-89
BLE,1676581854183153530,DF:DF:EE:00:00:02,-84
BLE,1676581854445811353,DF:DF:EE:00:00:04,-95
BLE,1676581854678657568,DF:DF:EE:00:00:01,-76
BLE,1676581854722047537,DF:DF:EE:00:00:02,-84
BLE,1676581854943149575,DF:DF:EE:00:00:03,-86
BLE,1676581854981399236,DF:DF:EE:00:00:04,-93
BLE,1676581855151219201,DF:DF:EE:00:00:05,-91
BLE,1676581855450702828,DF:DF:EE:00:00:04,-92
BLE,1676581855682786679,DF:DF:EE:00:00:01,-85
BLE,1676581855716958978,DF:DF:EE:00:00:02,-69
BLE,1676581855946080910,DF:DF:EE:00:00:03,-85
BLE,1676581856158823600,DF:DF:EE:00:00:05,-93
BLE,1676581856186974686,DF:DF:EE:00:00:02,-84
BLE,1676581856443119886,DF:DF:EE:00:00:04,-92
BLE,1676581856679550138,DF:DF:EE:00:00:01,-77
BLE,1676581856719714607,DF:DF:EE:00:00:02,-91
BLE,1676581856947539723,DF:DF:EE:00:00:03,-86
BLE,1676581856988397183,DF:DF:EE:00:00:04,-95
BLE,1676581857171205227,DF:DF:EE:00:00:05,-93
BLE,1676581857177766015,DF:DF:EE:00:00:02,-84
BLE,1676581857681026409,DF:DF:EE:00:00:01,-78
BLE,1676581857718494455,DF:DF:EE:00:00:02,-84
BLE,1676581857943353318,DF:DF:EE:00:00:03,-96
BLE,1676581857982096890,DF:DF:EE:00:00:04,-93
BLE,1676581858176793860,DF:DF:EE:00:00:02,-85
BLE,1676581858187443636,DF:DF:EE:00:00:05,-90
BLE,1676581858441652819,DF:DF:EE:00:00:04,-93
BLE,1676581858684713400,DF:DF:EE:00:00:01,-76
BLE,1676581858719346068,DF:DF:EE:00:00:02,-92
BLE,1676581858948525124,DF:DF:EE:00:00:03,-86
BLE,1676581858989037130,DF:DF:EE:00:00:04,-95
BLE,1676581859180258896,DF:DF:EE:00:00:02,-83
BLE,1676581859677807491,DF:DF:EE:00:00:01,-76
BLE,1676581859720931838,DF:DF:EE:00:00:02,-83
BLE,1676581860181361797,DF:DF:EE:00:00:02,-92
BLE,1676581860208708853,DF:DF:EE:00:00:05,-92
BLE,1676581860678843101,DF:DF:EE:00:00:01,-85
BLE,1676581860722498649,DF:DF:EE:00:00:02,-92
BLE,1676581860949646690,DF:DF:EE:00:00:03,-86
BLE,1676581860985612382,DF:DF:EE:00:00:04,-92
BLE,1676581861219945745,DF:DF:EE:00:00:05,-93
BLE,1676581861443375460,DF:DF:EE:00:00:04,-94
BLE,1676581861677323703,DF:DF:EE:00:00:01,-76
BLE,1676581861717869126,DF:DF:EE:00:00:02,-93
BLE,1676581861949014072,DF:DF:EE:00:00:03,-94
BLE,1676581861986091541,DF:DF:EE:00:00:04,-94
BLE,1676581862176852813,DF:DF:EE:00:00:02,-85
BLE,1676581862229924987,DF:DF:EE:00:00:05,-92
BLE,1676581862681137818,DF:DF:EE:00:00:01,-84
BLE,1676581862716371186,DF:DF:EE:00:00:02,-85
BLE,1676581863177526344,DF:DF:EE:00:00:02,-93
BLE,1676581863236124862,DF:DF:EE:00:00:05,-95
BLE,1676581863448819761,DF:DF:EE:00:00:04,-94
BLE,1676581863679866292,DF:DF:EE:00:00:01,-77
BLE,1676581863718566447,DF:DF:EE:00:00:02,-91
BLE,1676581863946687642,DF:DF:EE:00:00:03,-95
BLE,1676581864182222239,DF:DF:EE:00:00:02,-72
BLE,1676581864247375962,DF:DF:EE:00:00:05,-86
BLE,1676581864683424827,DF:DF:EE:00:00:01,-85
BLE,1676581864945612989,DF:DF:EE:00:00:03,-84
BLE,1676581864989518367,DF:DF:EE:00:00:04,-93
BLE,1676581865177673007,DF:DF:EE:00:00:02,-91
BLE,1676581865443472579,DF:DF:EE:00:00:04,-81
BLE,1676581865684724225,DF:DF:EE:00:00:01,-77
BLE,1676581865717945203,DF:DF:EE:00:00:02,-92
BLE,1676581865953281845,DF:DF:EE:00:00:03,-95
BLE,1676581865984945093,DF:DF:EE:00:00:04,-92
BLE,1676581866266123545,DF:DF:EE:00:00:05,-89
BLE,1676581866680994190,DF:DF:EE:00:00:01,-78
BLE,1676581866722784638,DF:DF:EE:00:00:02,-85
BLE,1676581866982632789,DF:DF:EE:00:00:04,-94
BLE,1676581867186767843,DF:DF:EE:00:00:02,-84
BLE,1676581867278651712,DF:DF:EE:00:00:05,-92
BLE,1676581867442321717,DF:DF:EE:00:00:04,-92
BLE,1676581867680469071,DF:DF:EE:00:00:01,-85
BLE,1676581867716767841,DF:DF:EE:00:00:02,-86
BLE,1676581867942006950,DF:DF:EE:00:00:03,-85
BLE,1676581867984542096,DF:DF:EE:00:00:04,-93
BLE,1676581868180226469,DF:DF:EE:00:00:02,-83
BLE,1676581868293603472,DF:DF:EE:00:00:05,-90
BLE,1676581868683797192,DF:DF:EE:00:00:01,-78
BLE,1676581868945214614,DF:DF:EE:00:00:03,-96
BLE,1676581868984281140,DF:DF:EE:00:00:04,-94
BLE,1676581869178396492,DF:DF:EE:00:00:02,-85
BLE,1676581869304847822,DF:DF:EE:00:00:05,-90
BLE,1676581869678642426,DF:DF:EE:00:00:01,-71
BLE,1676581869722019520,DF:DF:EE:00:00:02,-81
BLE,1676581869943580260,DF:DF:EE:00:00:03,-84
BLE,1676581869987695094,DF:DF:EE:00:00:04,-92
BLE,1676581870444827889,DF:DF:EE:00:00:04,-93
BLE,1676581870717990822,DF:DF:EE:00:00:02,-92
BLE,1676581870945604524,DF:DF:EE:00:00:03,-95
BLE,1676581870985957574,DF:DF:EE:00:00:04,-94
BLE,1676581871184674157,DF:DF:EE:00:00:02,-91
BLE,1676581871328857711,DF:DF:EE:00:00:05,-90
BLE,1676581871675529007,DF:DF:EE:00:00:01,-79
BLE,1676581871943574799,DF:DF:EE:00:00:03,-84
BLE,1676581872178914815,DF:DF:EE:00:00:02,-92
BLE,1676581872341095923,DF:DF:EE:00:00:05,-90
BLE,1676581872446077786,DF:DF:EE:00:00:04,-95
BLE,1676581872678609048,DF:DF:EE:00:00:01,-76
BLE,1676581872725575011,DF:DF:EE:00:00:02,-83
BLE,1676581872944189956,DF:DF:EE:00:00:03,-86
BLE,1676581872985882822,DF:DF:EE:00:00:04,-93
BLE,1676581873180206214,DF:DF:EE:00:00:02,-86
BLE,1676581873352305607,DF:DF:EE:00:00:05,-90
BLE,1676581873684652009,DF:DF:EE:00:00:01,-85
BLE,1676581873720424161,DF:DF:EE:00:00:02,-85
BLE,1676581873945822100,DF:DF:EE:00:00:03,-85
BLE,1676581874177839744,DF:DF:EE:00:00:02,-93
BLE,1676581874364825441,DF:DF:EE:00:00:05,-91
BLE,1676581874442431541,DF:DF:EE:00:00:04,-92
BLE,1676581874683450648,DF:DF:EE:00:00:01,-61
BLE,1676581874717313909,DF:DF:EE:00:00:02,-81
BLE,1676581874944006748,DF:DF:EE:00:00:03,-85
BLE,1676581874985207412,DF:DF:EE:00:00:04,-93
BLE,1676581875178591900,DF:DF:EE:00:00:02,-85
BLE,1676581875379829408,DF:DF:EE:00:00:05,-91
BLE,1676581875677825638,DF:DF:EE:00:00:01,-78
BLE,1676581875948267482,DF:DF:EE:00:00:03,-85
BLE,1676581876180594497,DF:DF:EE:00:00:02,-91
BLE,1676581876386232822,DF:DF:EE:00:00:05,-93
BLE,1676581876443670272,DF:DF:EE:00:00:04,-92
BLE,1676581876679108995,DF:DF:EE:00:00:01,-84
BLE,1676581876718144813,DF:DF:EE:00:00:02,-85
BLE,1676581876946335465,DF:DF:EE:00:00:03,-86
BLE,1676581876984753041,DF:DF:EE:00:00:04,-93
BLE,1676581877182815466,DF:DF:EE:00:00:02,-84
BLE,1676581877396121940,DF:DF:EE:00:00:05,-94
BLE,1676581877684494048,DF:DF:EE:00:00:01,-78
BLE,1676581877720693778,DF:DF:EE:00:00:02,-83
BLE,1676581877982368988,DF:DF:EE:00:00:04,-95
BLE,1676581878184917646,DF:DF:EE:00:00:02,-92
BLE,1676581878678749081,DF:DF:EE:00:00:01,-84
BLE,1676581878950672531,DF:DF:EE:00:00:03,-86
BLE,1676581878989353978,DF:DF:EE:00:00:04,-94
BLE,1676581879177365119,DF:DF:EE:00:00:02,-92
BLE,1676581879422473007,DF:DF:EE:00:00:05,-93
BLE,1676581879446617438,DF:DF:EE:00:00:04,-93
BLE,1676581879679954980,DF:DF:EE:00:00:01,-77
BLE,1676581879725576169,DF:DF:EE:00:00:02,-83
BLE,1676581879942898715,DF:DF:EE:00:00:03,-86
BLE,1676581880180058499,DF:DF:EE:00:00:02,-85
BLE,1676581880437355517,DF:DF:EE:00:00:05,-94
BLE,1676581880682034202,DF:DF:EE:00:00:01,-84
BLE,1676581880721254100,DF:DF:EE:00:00:02,-85
BLE,1676581880989071979,DF:DF:EE:00:00:04,-92
BLE,1676581881178182273,DF:DF:EE:00:00:02,-92
BLE,1676581881449986932,DF:DF:EE:00:00:04,-94
BLE,1676581881453711883,DF:DF:EE:00:00:05,-90
BLE,1676581881681304544,DF:DF:EE:00:00:01,-77
BLE,1676581881715344511,DF:DF:EE:00:00:02,-92
BLE,1676581881945320889,DF:DF:EE:00:00:03,-86
BLE,1676581881983113140,DF:DF:EE:00:00:04,-94
BLE,1676581882465072524,DF:DF:EE:00:00:05,-90
BLE,1676581882684167921,DF:DF:EE:00:00:01,-74
BLE,1676581882716723283,DF:DF:EE:00:00:02,-68
BLE,1676581883177387198,DF:DF:EE:00:00:02,-92
BLE,1676581883449485270,DF:DF:EE:00:00:04,-94
BLE,1676581883481191851,DF:DF:EE:00:00:05,-90
BLE,1676581883676235608,DF:DF:EE:00:00:01,-84
BLE,1676581883718489300,DF:DF:EE:00:00:02,-92
BLE,1676581883944612730,DF:DF:EE:00:00:03,-87
BLE,1676581883987319791,DF:DF:EE:00:00:04,-94
BLE,1676581884181991802,DF:DF:EE:00:00:02,-73
BLE,1676581884487383227,DF:DF:EE:00:00:05,-93
BLE,1676581884677860711,DF:DF:EE:00:00:01,-78
BLE,1676581885450027136,DF:DF:EE:00:00:04,-94
BLE,1676581885680288219,DF:DF:EE:00:00:01,-85
BLE,1676581885718331466,DF:DF:EE:00:00:02,-75
BLE,1676581885949291916,DF:DF:EE:00:00:03,-72
BLE,1676581886178878216,DF:DF:EE:00:00:02,-84
BLE,1676581886444576706,DF:DF:EE:00:00:04,-95
BLE,1676581886508665402,DF:DF:EE:00:00:05,-94
BLE,1676581886684650118,DF:DF:EE:00:00:01,-78
BLE,1676581886981197410,DF:DF:EE:00:00:04,-93
BLE,1676581887176092085,DF:DF:EE:00:00:02,-85
BLE,1676581887517380869,DF:DF:EE:00:00:05,-96
BLE,1676581887686149931,DF:DF:EE:00:00:01,-76
BLE,1676581887722685115,DF:DF:EE:00:00:02,-93
BLE,1676581887942089342,DF:DF:EE:00:00:03,-85
BLE,1676581888535136508,DF:DF:EE:00:00:05,-94
BLE,1676581888718080799,DF:DF:EE:00:00:02,-91
BLE,1676581888980128880,DF:DF:EE:00:00:04,-93
BLE,1676581889180012239,DF:DF:EE:00:00:02,-85
BLE,1676581889541330466,DF:DF:EE:00:00:05,-96
BLE,1676581889682447269,DF:DF:EE:00:00:01,-85
BLE,1676581889719278491,DF:DF:EE:00:00:02,-85
BLE,1676581890183840188,DF:DF:EE:00:00:02,-84
BLE,1676581890558723319,DF:DF:EE:00:00:05,-93
BLE,1676581890725494366,DF:DF:EE:00:00:02,-84
BLE,1676581890952028332,DF:DF:EE:00:00:03,-95
BLE,1676581890986481377,DF:DF:EE:00:00:04,-94
BLE,1676581891180850267,DF:DF:EE:00:00:02,-85
BLE,1676581891571217653,DF:DF:EE:00:00:05,-94
BLE,1676581891676124642,DF:DF:EE:00:00:01,-78
BLE,1676581891723219895,DF:DF:EE:00:00:02,-85
BLE,1676581891980284082,DF:DF:EE:00:00:04,-95
BLE,1676581892185114585,DF:DF:EE:00:00:02,-84
BLE,1676581892578615512,DF:DF:EE:00:00:05,-85
BLE,1676581892684471530,DF:DF:EE:00:00:01,-77
BLE,1676581892717056600,DF:DF:EE:00:00:02,-93
BLE,1676581892945891619,DF:DF:EE:00:00:03,-86
BLE,1676581892980123375,DF:DF:EE:00:00:04,-92
BLE,1676581893177770348,DF:DF:EE:00:00:02,-83
BLE,1676581893588750877,DF:DF:EE:00:00:05,-97
BLE,1676581893719151655,DF:DF:EE:00:00:02,-84
BLE,1676581894175273463,DF:DF:EE:00:00:02,-85
BLE,1676581894442695222,DF:DF:EE:00:00:04,-93
BLE,1676581894601254252,DF:DF:EE:00:00:05,-96
BLE,1676581894684003243,DF:DF:EE:00:00:01,-76
BLE,1676581894721439831,DF:DF:EE:00:00:02,-92
BLE,1676581894989994367,DF:DF:EE:00:00:04,-94
BLE,1676581895177720096,DF:DF:EE:00:00:02,-84
BLE,1676581895616244178,DF:DF:EE:00:00:05,-96
BLE,1676581895683936992,DF:DF:EE:00:00:01,-79
BLE,1676581895944178388,DF:DF:EE:00:00:03,-96
BLE,1676581895982217136,DF:DF:EE:00:00:04,-94
BLE,1676581896182312242,DF:DF:EE:00:00:02,-92
BLE,1676581896682998879,DF:DF:EE:00:00:01,-85
BLE,1676581896715053622,DF:DF:EE:00:00:02,-86
BLE,1676581896950655676,DF:DF:EE:00:00:03,-85
BLE,1676581896985299927,DF:DF:EE:00:00:04,-94
BLE,1676581897176501568,DF:DF:EE:00:00:02,-92
BLE,1676581897448086480,DF:DF:EE:00:00:04,-94
BLE,1676581897682795880,DF:DF:EE:00:00:01,-79
BLE,1676581897720229761,DF:DF:EE:00:00:02,-83
BLE,1676581897984839182,DF:DF:EE:00:00:04,-94
BLE,1676581898186033899,DF:DF:EE:00:00:02,-92
BLE,1676581898645021170,DF:DF:EE:00:00:05,-90
BLE,1676581898677585364,DF:DF:EE:00:00:01,-78
BLE,1676581898717876332,DF:DF:EE:00:00:02,-87
BLE,1676581899186499309,DF:DF:EE:00:00:02,-83
BLE,1676581899444776772,DF:DF:EE:00:00:04,-93
BLE,1676581899658730404,DF:DF:EE:00:00:05,-90
BLE,1676581899681039401,DF:DF:EE:00:00:01,-76
BLE,1676581899716853053,DF:DF:EE:00:00:02,-92
BLE,1676581899944102468,DF:DF:EE:00:00:03,-86
BLE,1676581899979233295,DF:DF:EE:00:00:04,-92
BLE,1676581900675317559,DF:DF:EE:00:00:01,-78
BLE,1676581900717415461,DF:DF:EE:00:00:02,-84
BLE,1676581900946640683,DF:DF:EE:00:00:03,-84
BLE,1676581901178315123,DF:DF:EE:00:00:02,-81
BLE,1676581901440269496,DF:DF:EE:00:00:04,-90
BLE,1676581901681529017,DF:DF:EE:00:00:01,-77
BLE,1676581901683728905,DF:DF:EE:00:00:05,-89
BLE,1676581901720368671,DF:DF:EE:00:00:02,-92
BLE,1676581901942970939,DF:DF:EE:00:00:03,-86
BLE,1676581901981670219,DF:DF:EE:00:00:04,-92
BLE,1676581902681917427,DF:DF:EE:00:00:01,-79
BLE,1676581902980269153,DF:DF:EE:00:00:04,-94
BLE,1676581903179864850,DF:DF:EE:00:00:02,-92
BLE,1676581903447282651,DF:DF:EE:00:00:04,-93
BLE,1676581903677643066,DF:DF:EE:00:00:01,-84
BLE,1676581903708651406,DF:DF:EE:00:00:05,-90
BLE,1676581903719957965,DF:DF:EE:00:00:02,-92
BLE,1676581904181485036,DF:DF:EE:00:00:02,-84
BLE,1676581904444769599,DF:DF:EE:00:00:04,-94
BLE,1676581904714823490,DF:DF:EE:00:00:05,-91
BLE,1676581904717478705,DF:DF:EE:00:00:02,-84
BLE,1676581904947579791,DF:DF:EE:00:00:03,-95
BLE,1676581905685425586,DF:DF:EE:00:00:01,-77
BLE,1676581905719204848,DF:DF:EE:00:00:02,-88
BLE,1676581905729901040,DF:DF:EE:00:00:05,-90
BLE,1676581905944750869,DF:DF:EE:00:00:03,-84
BLE,1676581906177802457,DF:DF:EE:00:00:02,-93
BLE,1676581906441161811,DF:DF:EE:00:00:04,-91
BLE,1676581906677009279,DF:DF:EE:00:00:01,-77
BLE,1676581906722813216,DF:DF:EE:00:00:02,-84
BLE,1676581906746140199,DF:DF:EE:00:00:05,-88
BLE,1676581906949078644,DF:DF:EE:00:00:03,-95
BLE,1676581906979537991,DF:DF:EE:00:00:04,-93
BLE,1676581907678004307,DF:DF:EE:00:00:01,-80
BLE,1676581907717398203,DF:DF:EE:00:00:02,-87
BLE,1676581907757401091,DF:DF:EE:00:00:05,-91
BLE,1676581908179214644,DF:DF:EE:00:00:02,-92
BLE,1676581908447476101,DF:DF:EE:00:00:04,-93
BLE,1676581908682055044,DF:DF:EE:00:00:01,-76
BLE,1676581908716301883,DF:DF:EE:00:00:02,-93
BLE,1676581908772337101,DF:DF:EE:00:00:05,-90
BLE,1676581908944116582,DF:DF:EE:00:00:03,-85
BLE,1676581908986537230,DF:DF:EE:00:00:04,-93
BLE,1676581909177172503,DF:DF:EE:00:00:02,-84
BLE,1676581909717772779,DF:DF:EE:00:00:02,-84
BLE,1676581910179216475,DF:DF:EE:00:00:02,-95
BLE,1676581910444083935,DF:DF:EE:00:00:04,-91
BLE,1676581910684584466,DF:DF:EE:00:00:01,-77
BLE,1676581910721758475,DF:DF:EE:00:00:02,-95
BLE,1676581910942840471,DF:DF:EE:00:00:03,-86
BLE,1676581910985372410,DF:DF:EE:00:00:04,-91
BLE,1676581911681895042,DF:DF:EE:00:00:01,-79
BLE,1676581911811177043,DF:DF:EE:00:00:05,-90
BLE,1676581911944264826,DF:DF:EE:00:00:03,-81
BLE,1676581912177012502,DF:DF:EE:00:00:02,-75
BLE,1676581912680714598,DF:DF:EE:00:00:01,-71
BLE,1676581912715006729,DF:DF:EE:00:00:02,-85
BLE,1676581912823747167,DF:DF:EE:00:00:05,-74
BLE,1676581912945185521,DF:DF:EE:00:00:03,-87
BLE,1676581912985685361,DF:DF:EE:00:00:04,-81
BLE,1676581913182816632,DF:DF:EE:00:00:02,-69
BLE,1676581913677453015,DF:DF:EE:00:00:01,-61
BLE,1676581913717639109,DF:DF:EE:00:00:02,-84
BLE,1676581913984294420,DF:DF:EE:00:00:04,-93
BLE,1676581914179216221,DF:DF:EE:00:00:02,-86
BLE,1676581914679070909,DF:DF:EE:00:00:01,-86
BLE,1676581914846169910,DF:DF:EE:00:00:05,-90
BLE,1676581914942629428,DF:DF:EE:00:00:03,-84
BLE,1676581915180393995,DF:DF:EE:00:00:02,-84
BLE,1676581915680729886,DF:DF:EE:00:00:01,-76
BLE,1676581915856005238,DF:DF:EE:00:00:05,-90
BLE,1676581915943768162,DF:DF:EE:00:00:03,-86
BLE,1676581915980207180,DF:DF:EE:00:00:04,-93
BLE,1676581916685076578,DF:DF:EE:00:00:01,-86
BLE,1676581916722575082,DF:DF:EE:00:00:02,-85
BLE,1676581916862267195,DF:DF:EE:00:00:05,-94
BLE,1676581917185093098,DF:DF:EE:00:00:02,-84
BLE,1676581917441863206,DF:DF:EE:00:00:04,-91
BLE,1676581917682237947,DF:DF:EE:00:00:01,-77
BLE,1676581917720034156,DF:DF:EE:00:00:02,-93
BLE,1676581917877230747,DF:DF:EE:00:00:05,-94
BLE,1676581917944360693,DF:DF:EE:00:00:03,-87
BLE,1676581918678114751,DF:DF:EE:00:00:01,-79
BLE,1676581918716777532,DF:DF:EE:00:00:02,-84
BLE,1676581918979432729,DF:DF:EE:00:00:04,-95
BLE,1676581919443271268,DF:DF:EE:00:00:04,-93
BLE,1676581919715399132,DF:DF:EE:00:00:02,-86
BLE,1676581919893495488,DF:DF:EE:00:00:05,-94
BLE,1676581919946903907,DF:DF:EE:00:00:03,-86
BLE,1676581919981040998,DF:DF:EE:00:00:04,-93
BLE,1676581920441799037,DF:DF:EE:00:00:04,-95
BLE,1676581920718961292,DF:DF:EE:00:00:02,-84
BLE,1676581920907226388,DF:DF:EE:00:00:05,-95
BLE,1676581920947720020,DF:DF:EE:00:00:03,-76
BLE,1676581921174758979,DF:DF:EE:00:00:02,-85
BLE,1676581921676365395,DF:DF:EE:00:00:01,-86
BLE,1676581921721800503,DF:DF:EE:00:00:02,-94
BLE,1676581921918484739,DF:DF:EE:00:00:05,-94
BLE,1676581921940857985,DF:DF:EE:00:00:03,-86
BLE,1676581921987072166,DF:DF:EE:00:00:04,-94
BLE,1676581922178589469,DF:DF:EE:00:00:02,-84
BLE,1676581922445070366,DF:DF:EE:00:00:04,-94
BLE,1676581922719040789,DF:DF:EE:00:00:02,-84
BLE,1676581922932475511,DF:DF:EE:00:00:05,-95
BLE,1676581922942706001,DF:DF:EE:00:00:03,-93
BLE,1676581922981839776,DF:DF:EE:00:00:04,-95
BLE,1676581923181405973,DF:DF:EE:00:00:02,-86
BLE,1676581923682992097,DF:DF:EE:00:00:01,-86
BLE,1676581923941064105,DF:DF:EE:00:00:03,-85
BLE,1676581924177757311,DF:DF:EE:00:00:02,-95
BLE,1676581924448091574,DF:DF:EE:00:00:04,-95
BLE,1676581924683953750,DF:DF:EE:00:00:01,-78
BLE,1676581924720219146,DF:DF:EE:00:00:02,-83
BLE,1676581924978610316,DF:DF:EE:00:00:04,-94
BLE,1676581925676962299,DF:DF:EE:00:00:01,-79
BLE,1676581925719900524,DF:DF:EE:00:00:02,-86
BLE,1676581925944263435,DF:DF:EE:00:00:03,-86
BLE,1676581925963432932,DF:DF:EE:00:00:05,-76
BLE,1676581926176956403,DF:DF:EE:00:00:02,-94
BLE,1676581926683720042,DF:DF:EE:00:00:01,-76
BLE,1676581926715301000,DF:DF:EE:00:00:02,-94
BLE,1676581926948425004,DF:DF:EE:00:00:03,-96
BLE,1676581926979423678,DF:DF:EE:00:00:04,-94
BLE,1676581927682903468,DF:DF:EE:00:00:01,-86
BLE,1676581927990882900,DF:DF:EE:00:00:05,-94
BLE,1676581928181606714,DF:DF:EE:00:00:02,-94
BLE,1676581928443396964,DF:DF:EE:00:00:04,-95
BLE,1676581928676542093,DF:DF:EE:00:00:01,-86
BLE,1676581928715509870,DF:DF:EE:00:00:02,-86
BLE,1676581928940207568,DF:DF:EE:00:00:03,-85
BLE,1676581928999665450,DF:DF:EE:00:00:05,-90
BLE,1676581929180267147,DF:DF:EE:00:00:02,-84
BLE,1676581929443763667,DF:DF:EE:00:00:04,-94
BLE,1676581929683014340,DF:DF:EE:00:00:01,-79
BLE,1676581929721174127,DF:DF:EE:00:00:02,-84
BLE,1676581929945289917,DF:DF:EE:00:00:03,-95
BLE,1676581930177118563,DF:DF:EE:00:00:02,-86
BLE,1676581930444089536,DF:DF:EE:00:00:04,-93
BLE,1676581930676952877,DF:DF:EE:00:00:01,-87
BLE,1676581930714462173,DF:DF:EE:00:00:02,-85
BLE,1676581930947414304,DF:DF:EE:00:00:03,-86
BLE,1676581931020889000,DF:DF:EE:00:00:05,-90
BLE,1676581931178366003,DF:DF:EE:00:00:02,-84
BLE,1676581931944584674,DF:DF:EE:00:00:03,-94
BLE,1676581931981899181,DF:DF:EE:00:00:04,-96
BLE,1676581932028364859,DF:DF:EE:00:00:05,-94
BLE,1676581932184429172,DF:DF:EE:00:00:02,-93
BLE,1676581932448060481,DF:DF:EE:00:00:04,-94
BLE,1676581932683381373,DF:DF:EE:00:00:01,-86
BLE,1676581932724537163,DF:DF:EE:00:00:02,-93
BLE,1676581933043407117,DF:DF:EE:00:00:05,-93
BLE,1676581933181191589,DF:DF:EE:00:00:02,-83
BLE,1676581933438384025,DF:DF:EE:00:00:04,-94
BLE,1676581933683321831,DF:DF:EE:00:00:01,-78
BLE,1676581933723341136,DF:DF:EE:00:00:02,-84
BLE,1676581933946500313,DF:DF:EE:00:00:03,-95
BLE,1676581933983274910,DF:DF:EE:00:00:04,-95
BLE,1676581934059669484,DF:DF:EE:00:00:05,-89
BLE,1676581934677289534,DF:DF:EE:00:00:01,-78
BLE,1676581934718540906,DF:DF:EE:00:00:02,-87
BLE,1676581934940961551,DF:DF:EE:00:00:03,-94
BLE,1676581935065877693,DF:DF:EE:00:00:05,-94
BLE,1676581935185708902,DF:DF:EE:00:00:02,-83
BLE,1676581935442030433,DF:DF:EE:00:00:04,-94
BLE,1676581935678543558,DF:DF:EE:00:00:01,-75
BLE,1676581935717158173,DF:DF:EE:00:00:02,-93
BLE,1676581935942174493,DF:DF:EE:00:00:03,-87
BLE,1676581936176992807,DF:DF:EE:00:00:02,-83
BLE,1676581936677224283,DF:DF:EE:00:00:01,-78
BLE,1676581936718440447,DF:DF:EE:00:00:02,-84
BLE,1676581936942413530,DF:DF:EE:00:00:03,-94
BLE,1676581937178493786,DF:DF:EE:00:00:02,-95
BLE,1676581937446664619,DF:DF:EE:00:00:04,-94
BLE,1676581937685355049,DF:DF:EE:00:00:01,-76
BLE,1676581937722527433,DF:DF:EE:00:00:02,-94
BLE,1676581937947959705,DF:DF:EE:00:00:03,-87
BLE,1676581937984556514,DF:DF:EE:00:00:04,-92
BLE,1676581938109640070,DF:DF:EE:00:00:05,-91
BLE,1676581938183663134,DF:DF:EE:00:00:02,-86
BLE,1676581938442273134,DF:DF:EE:00:00:04,-94
BLE,1676581938679120089,DF:DF:EE:00:00:01,-80
BLE,1676581938718182865,DF:DF:EE:00:00:02,-84
BLE,1676581939124706703,DF:DF:EE:00:00:05,-90
BLE,1676581939177564213,DF:DF:EE:00:00:02,-86
BLE,1676581939447016862,DF:DF:EE:00:00:04,-94
BLE,1676581939677281070,DF:DF:EE:00:00:01,-86
BLE,1676581939716995796,DF:DF:EE:00:00:02,-86
BLE,1676581939942169905,DF:DF:EE:00:00:03,-85
BLE,1676581940133432836,DF:DF:EE:00:00:05,-90
BLE,1676581940179340855,DF:DF:EE:00:00:02,-83
BLE,1676581940445527797,DF:DF:EE:00:00:04,-95
BLE,1676581940678577177,DF:DF:EE:00:00:01,-77
BLE,1676581940718044031,DF:DF:EE:00:00:02,-84
BLE,1676581940946000269,DF:DF:EE:00:00:03,-94
BLE,1676581940984889797,DF:DF:EE:00:00:04,-94
BLE,1676581941141025277,DF:DF:EE:00:00:05,-94
BLE,1676581941176048647,DF:DF:EE:00:00:02,-86
BLE,1676581941675182346,DF:DF:EE:00:00:01,-79
BLE,1676581941948543360,DF:DF:EE:00:00:03,-88
BLE,1676581942151076101,DF:DF:EE:00:00:05,-93
BLE,1676581942185723810,DF:DF:EE:00:00:02,-83
BLE,1676581942444734014,DF:DF:EE:00:00:04,-95
BLE,1676581942676458911,DF:DF:EE:00:00:01,-76
BLE,1676581942717180165,DF:DF:EE:00:00:02,-93
BLE,1676581942949593636,DF:DF:EE:00:00:03,-94
BLE,1676581942979332243,DF:DF:EE:00:00:04,-92
BLE,1676581943179543141,DF:DF:EE:00:00:02,-86
BLE,1676581943678421009,DF:DF:EE:00:00:01,-65
BLE,1676581944168549451,DF:DF:EE:00:00:05,-94
BLE,1676581944438396178,DF:DF:EE:00:00:04,-93
BLE,1676581944680642062,DF:DF:EE:00:00:01,-76
BLE,1676581944724652605,DF:DF:EE:00:00:02,-83
BLE,1676581944949950296,DF:DF:EE:00:00:03,-97
BLE,1676581944983509603,DF:DF:EE:00:00:04,-95
BLE,1676581945684825130,DF:DF:EE:00:00:01,-87
BLE,1676581945716042093,DF:DF:EE:00:00:02,-83
BLE,1676581945941892151,DF:DF:EE:00:00:03,-94
BLE,1676581945978222630,DF:DF:EE:00:00:04,-96
BLE,1676581946185794013,DF:DF:EE:00:00:02,-84
BLE,1676581946197255861,DF:DF:EE:00:00:05,-93
BLE,1676581946675828581,DF:DF:EE:00:00:01,-86
BLE,1676581946719540337,DF:DF:EE:00:00:02,-94
BLE,1676581946939342559,DF:DF:EE:00:00:03,-86
BLE,1676581947179341680,DF:DF:EE:00:00:02,-84
BLE,1676581947443194153,DF:DF:EE:00:00:04,-96
BLE,1676581947943408087,DF:DF:EE:00:00:03,-95
BLE,1676581948175967099,DF:DF:EE:00:00:02,-87
BLE,1676581948229773471,DF:DF:EE:00:00:05,-94
BLE,1676581948675351585,DF:DF:EE:00:00:01,-86
BLE,1676581948723342576,DF:DF:EE:00:00:02,-94
BLE,1676581948947279535,DF:DF:EE:00:00:03,-87
BLE,1676581949227264378,DF:DF:EE:00:00:05,-91
BLE,1676581949682151078,DF:DF:EE:00:00:01,-79
BLE,1676581949724350062,DF:DF:EE:00:00:02,-84
BLE,1676581949945184686,DF:DF:EE:00:00:03,-94
BLE,1676581949983245059,DF:DF:EE:00:00:04,-94
BLE,1676581950178046902,DF:DF:EE:00:00:02,-85
BLE,1676581950675977366,DF:DF:EE:00:00:01,-80
BLE,1676581950719754038,DF:DF:EE:00:00:02,-87
BLE,1676581950942027227,DF:DF:EE:00:00:03,-88
BLE,1676581950986296850,DF:DF:EE:00:00:04,-93
BLE,1676581951185630551,DF:DF:EE:00:00:02,-83
BLE,1676581951445765823,DF:DF:EE:00:00:04,-95
BLE,1676581951683745679,DF:DF:EE:00:00:01,-78
BLE,1676581951722895704,DF:DF:EE:00:00:02,-84
BLE,1676581951941018281,DF:DF:EE:00:00:03,-87
BLE,1676581951983767674,DF:DF:EE:00:00:04,-94
BLE,1676581952180342619,DF:DF:EE:00:00:02,-85
BLE,1676581952674973252,DF:DF:EE:00:00:01,-80
BLE,1676581952945717343,DF:DF:EE:00:00:03,-85
BLE,1676581953184959516,DF:DF:EE:00:00:02,-84
BLE,1676581953282314438,DF:DF:EE:00:00:05,-94
BLE,1676581953444460754,DF:DF:EE:00:00:04,-95
BLE,1676581953680794424,DF:DF:EE:00:00:01,-76
BLE,1676581953717612604,DF:DF:EE:00:00:02,-92
BLE,1676581953982418773,DF:DF:EE:00:00:04,-95
BLE,1676581954177447739,DF:DF:EE:00:00:02,-68
BLE,1676581954675933196,DF:DF:EE:00:00:01,-79
BLE,1676581954942577340,DF:DF:EE:00:00:03,-96
BLE,1676581955182045468,DF:DF:EE:00:00:02,-93
BLE,1676581955445198909,DF:DF:EE:00:00:04,-95
BLE,1676581955676141192,DF:DF:EE:00:00:01,-86
BLE,1676581955940020581,DF:DF:EE:00:00:03,-86
BLE,1676581955985363232,DF:DF:EE:00:00:04,-94
BLE,1676581956945707255,DF:DF:EE:00:00:03,-97
BLE,1676581956978243241,DF:DF:EE:00:00:04,-96
BLE,1676581957324839580,DF:DF:EE:00:00:05,-89
BLE,1676581957444104379,DF:DF:EE:00:00:04,-92
BLE,1676581957681252455,DF:DF:EE:00:00:01,-86
BLE,1676581957715027634,DF:DF:EE:00:00:02,-86
BLE,1676581957938992550,DF:DF:EE:00:00:03,-85
BLE,1676581958339876422,DF:DF:EE:00:00:05,-89
BLE,1676581958442765438,DF:DF:EE:00:00:04,-95
BLE,1676581958681252329,DF:DF:EE:00:00:01,-79
BLE,1676581958719577698,DF:DF:EE:00:00:02,-84
BLE,1676581958943298284,DF:DF:EE:00:00:03,-96
BLE,1676581959345877800,DF:DF:EE:00:00:05,-95
BLE,1676581959683913959,DF:DF:EE:00:00:01,-86
BLE,1676581959723379646,DF:DF:EE:00:00:02,-93
BLE,1676581959942749498,DF:DF:EE:00:00:03,-86
BLE,1676581960176274830,DF:DF:EE:00:00:02,-94
BLE,1676581960353595613,DF:DF:EE:00:00:05,-95
BLE,1676581960446337680,DF:DF:EE:00:00:04,-94
BLE,1676581960683855042,DF:DF:EE:00:00:01,-79
BLE,1676581960723056483,DF:DF:EE:00:00:02,-84
BLE,1676581960939920201,DF:DF:EE:00:00:03,-87
BLE,1676581961180548523,DF:DF:EE:00:00:02,-86
BLE,1676581961361020972,DF:DF:EE:00:00:05,-94
BLE,1676581961439516477,DF:DF:EE:00:00:04,-94
BLE,1676581961681313158,DF:DF:EE:00:00:01,-86
BLE,1676581961719846316,DF:DF:EE:00:00:02,-87
BLE,1676581962185063962,DF:DF:EE:00:00:02,-83
BLE,1676581962441346993,DF:DF:EE:00:00:04,-93
BLE,1676581962680770456,DF:DF:EE:00:00:01,-76
BLE,1676581962724296047,DF:DF:EE:00:00:02,-83
BLE,1676581962944608429,DF:DF:EE:00:00:03,-87
BLE,1676581962984513443,DF:DF:EE:00:00:04,-93
BLE,1676581963181388593,DF:DF:EE:00:00:02,-86
BLE,1676581963677736453,DF:DF:EE:00:00:01,-66
BLE,1676581963941642508,DF:DF:EE:00:00:03,-84
BLE,1676581963981508232,DF:DF:EE:00:00:04,-96
BLE,1676581964174087646,DF:DF:EE:00:00:02,-76
BLE,1676581964389712756,DF:DF:EE:00:00:05,-75
BLE,1676581964442646724,DF:DF:EE:00:00:04,-83
BLE,1676581964684100951,DF:DF:EE:00:00:01,-62
BLE,1676581964718743035,DF:DF:EE:00:00:02,-93
BLE,1676581964985220307,DF:DF:EE:00:00:04,-83
BLE,1676581965181838001,DF:DF:EE:00:00:02,-68
BLE,1676581965680281875,DF:DF:EE:00:00:01,-78
BLE,1676581965716812726,DF:DF:EE:00:00:02,-84
BLE,1676581965941731088,DF:DF:EE:00:00:03,-95
BLE,1676581965983809407,DF:DF:EE:00:00:04,-95
BLE,1676581966181401172,DF:DF:EE:00:00:02,-95
BLE,1676581966403390073,DF:DF:EE:00:00:05,-95
BLE,1676581966720984461,DF:DF:EE:00:00:02,-83
BLE,1676581967179669902,DF:DF:EE:00:00:02,-84
BLE,1676581967430872417,DF:DF:EE:00:00:05,-91
BLE,1676581967446399962,DF:DF:EE:00:00:04,-94
BLE,1676581967723756132,DF:DF:EE:00:00:02,-84
BLE,1676581967941914000,DF:DF:EE:00:00:03,-87
BLE,1676581967978750972,DF:DF:EE:00:00:04,-94
BLE,1676581968176584984,DF:DF:EE:00:00:02,-86
BLE,1676581968425945315,DF:DF:EE:00:00:05,-94
BLE,1676581968686316334,DF:DF:EE:00:00:01,-61
BLE,1676581968716492477,DF:DF:EE:00:00:02,-87
BLE,1676581968941513587,DF:DF:EE:00:00:03,-86
BLE,1676581969183904677,DF:DF:EE:00:00:02,-70
BLE,1676581969440882491,DF:DF:EE:00:00:05,-84
BLE,1676581969679198676,DF:DF:EE:00:00:01,-77
BLE,1676581969720984958,DF:DF:EE:00:00:02,-70
BLE,1676581969945944570,DF:DF:EE:00:00:03,-82
BLE,1676581969981504391,DF:DF:EE:00:00:04,-93
BLE,1676581970439584632,DF:DF:EE:00:00:04,-84
BLE,1676581970455916458,DF:DF:EE:00:00:05,-95
BLE,1676581970679181176,DF:DF:EE:00:00:01,-79
BLE,1676581970720226050,DF:DF:EE:00:00:02,-87
BLE,1676581970939049451,DF:DF:EE:00:00:03,-95
BLE,1676581971177811547,DF:DF:EE:00:00:02,-92
BLE,1676581971469736316,DF:DF:EE:00:00:05,-95
BLE,1676581971678851637,DF:DF:EE:00:00:01,-76
BLE,1676581971721906777,DF:DF:EE:00:00:02,-92
BLE,1676581971940982674,DF:DF:EE:00:00:03,-86
BLE,1676581972475976732,DF:DF:EE:00:00:05,-93
BLE,1676581972676390043,DF:DF:EE:00:00:01,-80
BLE,1676581972946172230,DF:DF:EE:00:00:03,-85
BLE,1676581972981980590,DF:DF:EE:00:00:04,-94
BLE,1676581972983541153,DF:DF:EE:00:00:04,-101
BLE,1676581973441720517,DF:DF:EE:00:00:04,-94
BLE,1676581973489720425,DF:DF:EE:00:00:05,-93
BLE,1676581973676587540,DF:DF:EE:00:00:01,-86
BLE,1676581973942179323,DF:DF:EE:00:00:03,-85
BLE,1676581973980752188,DF:DF:EE:00:00:04,-93
BLE,1676581974180999460,DF:DF:EE:00:00:02,-84
BLE,1676581974443771739,DF:DF:EE:00:00:04,-95
BLE,1676581974502212758,DF:DF:EE:00:00:05,-92
BLE,1676581974941597496,DF:DF:EE:00:00:03,-94
BLE,1676581974983501234,DF:DF:EE:00:00:04,-97
BLE,1676581975181970987,DF:DF:EE:00:00:02,-92
BLE,1676581975445747003,DF:DF:EE:00:00:04,-93
BLE,1676581975519538237,DF:DF:EE:00:00:05,-94
BLE,1676581975684725263,DF:DF:EE:00:00:01,-76
BLE,1676581975722027979,DF:DF:EE:00:00:02,-92
BLE,1676581976181337120,DF:DF:EE:00:00:02,-84
BLE,1676581976534557496,DF:DF:EE:00:00:05,-94
BLE,1676581976722926841,DF:DF:EE:00:00:02,-84
BLE,1676581976946095226,DF:DF:EE:00:00:03,-94
BLE,1676581976977405771,DF:DF:EE:00:00:04,-94
BLE,1676581977181442284,DF:DF:EE:00:00:02,-86
BLE,1676581977549596254,DF:DF:EE:00:00:05,-94
BLE,1676581977550807988,DF:DF:EE:00:00:05,-90
BLE,1676581977683115240,DF:DF:EE:00:00:01,-86
BLE,1676581978178595404,DF:DF:EE:00:00:02,-93
BLE,1676581978567037939,DF:DF:EE:00:00:05,-92
BLE,1676581978679113209,DF:DF:EE:00:00:01,-77
BLE,1676581978719855087,DF:DF:EE:00:00:02,-92
BLE,1676581978939137190,DF:DF:EE:00:00:03,-87
BLE,1676581978980380604,DF:DF:EE:00:00:04,-92
BLE,1676581979176785260,DF:DF:EE:00:00:02,-84
BLE,1676581979577028723,DF:DF:EE:00:00:05,-91
BLE,1676581979678630256,DF:DF:EE:00:00:01,-79
BLE,1676581979719995042,DF:DF:EE:00:00:02,-86
BLE,1676581980186123760,DF:DF:EE:00:00:02,-84
BLE,1676581980444279600,DF:DF:EE:00:00:04,-92
BLE,1676581980585758481,DF:DF:EE:00:00:05,-94
BLE,1676581980681157929,DF:DF:EE:00:00:01,-76
BLE,1676581980725202222,DF:DF:EE:00:00:02,-83
BLE,1676581980942070608,DF:DF:EE:00:00:03,-86
BLE,1676581980980509767,DF:DF:EE:00:00:04,-94
BLE,1676581981181712901,DF:DF:EE:00:00:02,-86
BLE,1676581981439594286,DF:DF:EE:00:00:04,-96
BLE,1676581981596954207,DF:DF:EE:00:00:05,-95
BLE,1676581981680491312,DF:DF:EE:00:00:01,-78
BLE,1676581981716449379,DF:DF:EE:00:00:02,-83
BLE,1676581981944838778,DF:DF:EE:00:00:03,-93
BLE,1676581982182165018,DF:DF:EE:00:00:02,-92
BLE,1676581982604544731,DF:DF:EE:00:00:05,-92
BLE,1676581982676334282,DF:DF:EE:00:00:01,-85
BLE,1676581982719340923,DF:DF:EE:00:00:02,-93
BLE,1676581982946624129,DF:DF:EE:00:00:03,-87
BLE,1676581983181775522,DF:DF:EE:00:00:02,-84
BLE,1676581983439958237,DF:DF:EE:00:00:04,-96
BLE,1676581983679381824,DF:DF:EE:00:00:01,-79
BLE,1676581983717105451,DF:DF:EE:00:00:02,-68
BLE,1676581983944061370,DF:DF:EE:00:00:03,-94
BLE,1676581983977492386,DF:DF:EE:00:00:04,-94
BLE,1676581984182740425,DF:DF:EE:00:00:02,-93
BLE,1676581984444345511,DF:DF:EE:00:00:04,-93
BLE,1676581984679256283,DF:DF:EE:00:00:01,-85
BLE,1676581984715703468,DF:DF:EE:00:00:02,-86
BLE,1676581984939142933,DF:DF:EE:00:00:03,-85
BLE,1676581985184653024,DF:DF:EE:00:00:02,-84
BLE,1676581985441733544,DF:DF:EE:00:00:04,-95
BLE,1676581985644423159,DF:DF:EE:00:00:05,-94
BLE,1676581985676952312,DF:DF:EE:00:00:01,-77
BLE,1676581985714223903,DF:DF:EE:00:00:02,-94
BLE,1676581985985998355,DF:DF:EE:00:00:04,-95
BLE,1676581986180286705,DF:DF:EE:00:00:02,-86
BLE,1676581986658179351,DF:DF:EE:00:00:05,-93
BLE,1676581986675526663,DF:DF:EE:00:00:01,-79
BLE,1676581986717218529,DF:DF:EE:00:00:02,-86
BLE,1676581986944163823,DF:DF:EE:00:00:03,-85
BLE,1676581987184249652,DF:DF:EE:00:00:02,-84
BLE,1676581987437971342,DF:DF:EE:00:00:04,-93
BLE,1676581987666952359,DF:DF:EE:00:00:05,-94
BLE,1676581987943033837,DF:DF:EE:00:00:03,-87
BLE,1676581987979398565,DF:DF:EE:00:00:04,-93
BLE,1676581988438784205,DF:DF:EE:00:00:04,-95
BLE,1676581988679467234,DF:DF:EE:00:00:05,-94
BLE,1676581988683030270,DF:DF:EE:00:00:01,-86
BLE,1676581988944451234,DF:DF:EE:00:00:03,-85
BLE,1676581988979306607,DF:DF:EE:00:00:04,-95
BLE,1676581989174087784,DF:DF:EE:00:00:02,-86
BLE,1676581989442782776,DF:DF:EE:00:00:04,-93
BLE,1676581989683548304,DF:DF:EE:00:00:01,-76
BLE,1676581989696904127,DF:DF:EE:00:00:05,-95
BLE,1676581989943090750,DF:DF:EE:00:00:03,-87
BLE,1676581989980576297,DF:DF:EE:00:00:04,-93
BLE,1676581990180097911,DF:DF:EE:00:00:02,-84
BLE,1676581990440190101,DF:DF:EE:00:00:04,-94
BLE,1676581990677132137,DF:DF:EE:00:00:01,-66
BLE,1676581990706894161,DF:DF:EE:00:00:05,-94
BLE,1676581990722061961,DF:DF:EE:00:00:02,-87
BLE,1676581990943179706,DF:DF:EE:00:00:03,-95
BLE,1676581990978092912,DF:DF:EE:00:00:04,-96
BLE,1676581991176864286,DF:DF:EE:00:00:02,-86
BLE,1676581991441695496,DF:DF:EE:00:00:04,-94
BLE,1676581991684558163,DF:DF:EE:00:00:01,-76
BLE,1676581991715691710,DF:DF:EE:00:00:05,-94
BLE,1676581991941845390,DF:DF:EE:00:00:03,-85
BLE,1676581991981771070,DF:DF:EE:00:00:04,-94
BLE,1676581992179072964,DF:DF:EE:00:00:02,-84
BLE,1676581992437207804,DF:DF:EE:00:00:04,-93
BLE,1676581992681893739,DF:DF:EE:00:00:01,-79
BLE,1676581992941063774,DF:DF:EE:00:00:03,-95
BLE,1676581992984725739,DF:DF:EE:00:00:04,-95
BLE,1676581993182902871,DF:DF:EE:00:00:02,-93
BLE,1676581993444464666,DF:DF:EE:00:00:04,-93
BLE,1676581993673971884,DF:DF:EE:00:00:01,-79
BLE,1676581993718802750,DF:DF:EE:00:00:02,-85
BLE,1676581993738131537,DF:DF:EE:00:00:05,-95
BLE,1676581993941678764,DF:DF:EE:00:00:03,-85
BLE,1676581994176298457,DF:DF:EE:00:00:02,-92
BLE,1676581994439576104,DF:DF:EE:00:00:04,-94
BLE,1676581994441121292,DF:DF:EE:00:00:04,-95
BLE,1676581994682104359,DF:DF:EE:00:00:01,-80
BLE,1676581994714542722,DF:DF:EE:00:00:02,-93
BLE,1676581994938397848,DF:DF:EE:00:00:03,-87
BLE,1676581994978455819,DF:DF:EE:00:00:04,-93
BLE,1676581995179434956,DF:DF:EE:00:00:02,-86
BLE,1676581995437403715,DF:DF:EE:00:00:04,-95
BLE,1676581995674661456,DF:DF:EE:00:00:01,-78
BLE,1676581995721829624,DF:DF:EE:00:00:02,-86
BLE,1676581996177208193,DF:DF:EE:00:00:02,-93
BLE,1676581996444309081,DF:DF:EE:00:00:04,-94
BLE,1676581996677013257,DF:DF:EE:00:00:01,-76
BLE,1676581996715522873,DF:DF:EE:00:00:02,-92
BLE,1676581996939696454,DF:DF:EE:00:00:03,-86
BLE,1676581996977011044,DF:DF:EE:00:00:04,-93
BLE,1676581997176630241,DF:DF:EE:00:00:02,-84
BLE,1676581997682800763,DF:DF:EE:00:00:01,-86
BLE,1676581997720593472,DF:DF:EE:00:00:02,-86
BLE,1676581997782032202,DF:DF:EE:00:00:05,-91
BLE,1676581997944333391,DF:DF:EE:00:00:03,-85
BLE,1676581997976864045,DF:DF:EE:00:00:04,-95
BLE,1676581998178147719,DF:DF:EE:00:00:02,-94
BLE,1676581998712861198,DF:DF:EE:00:00:02,-86
BLE,1676581998941470678,DF:DF:EE:00:00:03,-87
BLE,1676581998979552800,DF:DF:EE:00:00:04,-93
BLE,1676581999944956089,DF:DF:EE:00:00:03,-95
BLE,1676582000685893135,DF:DF:EE:00:00:01,-77
BLE,1676582000716438940,DF:DF:EE:00:00:02,-75
BLE,1676582000819519245,DF:DF:EE:00:00:05,-90
BLE,1676582000942000585,DF:DF:EE:00:00:03,-85
BLE,1676582001179113828,DF:DF:EE:00:00:02,-84
BLE,1676582001445229438,DF:DF:EE:00:00:04,-97
BLE,1676582001714813543,DF:DF:EE:00:00:02,-92
BLE,1676582001826040783,DF:DF:EE:00:00:05,-95
BLE,1676582001947647551,DF:DF:EE:00:00:03,-83
BLE,1676582001985257679,DF:DF:EE:00:00:04,-96
BLE,1676582002176554069,DF:DF:EE:00:00:02,-86
BLE,1676582002680714326,DF:DF:EE:00:00:01,-86
BLE,1676582002837015511,DF:DF:EE:00:00:05,-95
BLE,1676582002944070722,DF:DF:EE:00:00:03,-85
BLE,1676582003180413475,DF:DF:EE:00:00:02,-84
BLE,1676582003436869838,DF:DF:EE:00:00:04,-94
BLE,1676582003679811503,DF:DF:EE:00:00:01,-76
BLE,1676582003724544913,DF:DF:EE:00:00:02,-84
BLE,1676582003850755037,DF:DF:EE:00:00:05,-95
BLE,1676582003939697654,DF:DF:EE:00:00:03,-88
BLE,1676582004184045259,DF:DF:EE:00:00:02,-93
BLE,1676582004675939220,DF:DF:EE:00:00:01,-81
BLE,1676582004716599141,DF:DF:EE:00:00:02,-86
BLE,1676582004944465798,DF:DF:EE:00:00:03,-87
BLE,1676582005184833873,DF:DF:EE:00:00:02,-84
BLE,1676582005723303593,DF:DF:EE:00:00:02,-83
BLE,1676582005873226780,DF:DF:EE:00:00:05,-95
BLE,1676582005944668711,DF:DF:EE:00:00:03,-87
BLE,1676582006176908018,DF:DF:EE:00:00:02,-84
BLE,1676582006722094775,DF:DF:EE:00:00:02,-85
BLE,1676582006884500171,DF:DF:EE:00:00:05,-97
BLE,1676582006942750152,DF:DF:EE:00:00:03,-94
BLE,1676582007185487779,DF:DF:EE:00:00:02,-84
BLE,1676582007439202260,DF:DF:EE:00:00:04,-95
BLE,1676582007679441629,DF:DF:EE:00:00:01,-77
BLE,1676582007890765296,DF:DF:EE:00:00:05,-94
BLE,1676582007940342599,DF:DF:EE:00:00:03,-85
BLE,1676582007979565373,DF:DF:EE:00:00:04,-94
BLE,1676582008180031891,DF:DF:EE:00:00:02,-83
BLE,1676582008438198439,DF:DF:EE:00:00:04,-95
BLE,1676582008681511725,DF:DF:EE:00:00:01,-79
BLE,1676582008899800175,DF:DF:EE:00:00:05,-91
BLE,1676582008940499554,DF:DF:EE:00:00:03,-94
BLE,1676582008979795910,DF:DF:EE:00:00:04,-94
BLE,1676582009179227526,DF:DF:EE:00:00:02,-93
BLE,1676582009679911703,DF:DF:EE:00:00:01,-85
BLE,1676582009717005547,DF:DF:EE:00:00:02,-85
BLE,1676582009911961513,DF:DF:EE:00:00:05,-92
BLE,1676582009940739883,DF:DF:EE:00:00:03,-85
BLE,1676582009981595343,DF:DF:EE:00:00:04,-93
BLE,1676582010177272717,DF:DF:EE:00:00:02,-83
BLE,1676582010721680984,DF:DF:EE:00:00:02,-84
BLE,1676582010920796187,DF:DF:EE:00:00:05,-91
BLE,1676582010942167946,DF:DF:EE:00:00:03,-93
BLE,1676582010981814214,DF:DF:EE:00:00:04,-96
BLE,1676582011174447170,DF:DF:EE:00:00:02,-86
BLE,1676582011684712888,DF:DF:EE:00:00:01,-76
BLE,1676582011718326860,DF:DF:EE:00:00:02,-87
BLE,1676582011934575045,DF:DF:EE:00:00:05,-93
BLE,1676582012179858347,DF:DF:EE:00:00:02,-69
BLE,1676582012445089718,DF:DF:EE:00:00:04,-94
BLE,1676582012719683383,DF:DF:EE:00:00:02,-84
BLE,1676582012937548213,DF:DF:EE:00:00:03,-87
BLE,1676582012948344071,DF:DF:EE:00:00:05,-91
BLE,1676582013683742857,DF:DF:EE:00:00:01,-86
BLE,1676582013721733105,DF:DF:EE:00:00:02,-76
BLE,1676582013942455856,DF:DF:EE:00:00:03,-87
BLE,1676582014437981268,DF:DF:EE:00:00:04,-94
BLE,1676582014677144901,DF:DF:EE:00:00:01,-76
BLE,1676582014721672854,DF:DF:EE:00:00:02,-84
BLE,1676582014945557480,DF:DF:EE:00:00:03,-86
BLE,1676582014976755318,DF:DF:EE:00:00:04,-93
BLE,1676582015674998761,DF:DF:EE:00:00:01,-79
BLE,1676582015721870392,DF:DF:EE:00:00:02,-86
BLE,1676582015941492783,DF:DF:EE:00:00:03,-95
BLE,1676582015979556572,DF:DF:EE:00:00:04,-95
BLE,1676582015983315647,DF:DF:EE:00:00:05,-90
BLE,1676582016177144378,DF:DF:EE:00:00:02,-82
BLE,1676582016681775921,DF:DF:EE:00:00:01,-76
BLE,1676582016719844126,DF:DF:EE:00:00:02,-92
BLE,1676582016944623740,DF:DF:EE:00:00:03,-87
BLE,1676582016980564057,DF:DF:EE:00:00:04,-94
BLE,1676582016988303705,DF:DF:EE:00:00:05,-94
BLE,1676582017944830486,DF:DF:EE:00:00:03,-94
BLE,1676582017977584887,DF:DF:EE:00:00:04,-96
BLE,1676582018002059355,DF:DF:EE:00:00:05,-95
BLE,1676582018177966198,DF:DF:EE:00:00:02,-87
BLE,1676582018179396263,DF:DF:EE:00:00:02,-93
BLE,1676582018684672297,DF:DF:EE:00:00:01,-77
BLE,1676582018715027146,DF:DF:EE:00:00:02,-85
BLE,1676582018940624582,DF:DF:EE:00:00:03,-86
BLE,1676582018982638444,DF:DF:EE:00:00:04,-94
BLE,1676582019012035097,DF:DF:EE:00:00:05,-97
BLE,1676582019178628438,DF:DF:EE:00:00:02,-84
BLE,1676582019439322370,DF:DF:EE:00:00:04,-95
BLE,1676582019676808566,DF:DF:EE:00:00:01,-76
BLE,1676582019720821485,DF:DF:EE:00:00:02,-84
BLE,1676582019936813965,DF:DF:EE:00:00:03,-86
BLE,1676582020027052981,DF:DF:EE:00:00:05,-95
BLE,1676582020179024599,DF:DF:EE:00:00:02,-86
BLE,1676582020678686457,DF:DF:EE:00:00:01,-85
BLE,1676582020718626971,DF:DF:EE:00:00:02,-85
BLE,1676582020975246706,DF:DF:EE:00:00:04,-94
BLE,1676582021185210849,DF:DF:EE:00:00:02,-84
BLE,1676582021436197950,DF:DF:EE:00:00:04,-95
BLE,1676582021676511276,DF:DF:EE:00:00:01,-76
BLE,1676582021714032197,DF:DF:EE:00:00:02,-93
BLE,1676582021940048586,DF:DF:EE:00:00:03,-88
BLE,1676582022045669733,DF:DF:EE:00:00:05,-94
BLE,1676582022180044250,DF:DF:EE:00:00:02,-86
BLE,1676582022681556541,DF:DF:EE:00:00:01,-85
BLE,1676582022941989393,DF:DF:EE:00:00:03,-85
BLE,1676582023179299258,DF:DF:EE:00:00:02,-93
BLE,1676582023439800567,DF:DF:EE:00:00:04,-93
BLE,1676582023714960432,DF:DF:EE:00:00:02,-94
BLE,1676582023935841765,DF:DF:EE:00:00:03,-85
BLE,1676582024175952051,DF:DF:EE:00:00:02,-84
BLE,1676582024678752368,DF:DF:EE:00:00:01,-65
BLE,1676582024715967085,DF:DF:EE:00:00:02,-84
BLE,1676582024937474284,DF:DF:EE:00:00:03,-95
BLE,1676582024980580756,DF:DF:EE:00:00:04,-96
BLE,1676582025075780623,DF:DF:EE:00:00:05,-90
BLE,1676582025178944511,DF:DF:EE:00:00:02,-93
BLE,1676582025442791734,DF:DF:EE:00:00:04,-94
BLE,1676582025675098707,DF:DF:EE:00:00:01,-85
BLE,1676582025714805307,DF:DF:EE:00:00:02,-86
BLE,1676582025941948057,DF:DF:EE:00:00:03,-88
BLE,1676582026088233249,DF:DF:EE:00:00:05,-91
BLE,1676582026182455838,DF:DF:EE:00:00:02,-86
BLE,1676582026441172879,DF:DF:EE:00:00:04,-96
BLE,1676582026716157538,DF:DF:EE:00:00:02,-83
BLE,1676582026945111097,DF:DF:EE:00:00:03,-96
BLE,1676582027096973966,DF:DF:EE:00:00:05,-90
BLE,1676582027177435236,DF:DF:EE:00:00:02,-87
BLE,1676582027443338224,DF:DF:EE:00:00:04,-93
BLE,1676582027677488964,DF:DF:EE:00:00:01,-86
BLE,1676582027939846999,DF:DF:EE:00:00:03,-85
BLE,1676582028109457800,DF:DF:EE:00:00:05,-91
BLE,1676582028178579095,DF:DF:EE:00:00:02,-83
BLE,1676582028443754009,DF:DF:EE:00:00:04,-96
BLE,1676582028722217039,DF:DF:EE:00:00:02,-83
BLE,1676582028943680989,DF:DF:EE:00:00:03,-95
BLE,1676582029118240683,DF:DF:EE:00:00:05,-93
BLE,1676582029673667679,DF:DF:EE:00:00:01,-80
BLE,1676582030149474477,DF:DF:EE:00:00:05,-95
BLE,1676582030177424025,DF:DF:EE:00:00:02,-94
BLE,1676582030677530294,DF:DF:EE:00:00:01,-76
BLE,1676582030715804871,DF:DF:EE:00:00:02,-92
BLE,1676582030945876416,DF:DF:EE:00:00:03,-95
BLE,1676582030980884995,DF:DF:EE:00:00:04,-95
BLE,1676582031149455643,DF:DF:EE:00:00:05,-90
BLE,1676582031679556307,DF:DF:EE:00:00:01,-86
BLE,1676582031717639804,DF:DF:EE:00:00:02,-87
BLE,1676582031943750359,DF:DF:EE:00:00:03,-87
BLE,1676582031976506051,DF:DF:EE:00:00:04,-95
BLE,1676582032164442652,DF:DF:EE:00:00:05,-90
BLE,1676582032174891389,DF:DF:EE:00:00:02,-96
BLE,1676582032437955248,DF:DF:EE:00:00:04,-83
BLE,1676582032675783523,DF:DF:EE:00:00:01,-85
BLE,1676582032716715857,DF:DF:EE:00:00:02,-82
BLE,1676582032935253970,DF:DF:EE:00:00:03,-73
BLE,1676582033173380950,DF:DF:EE:00:00:05,-76
BLE,1676582033678435778,DF:DF:EE:00:00:01,-69
BLE,1676582033720164644,DF:DF:EE:00:00:02,-86
BLE,1676582033937337108,DF:DF:EE:00:00:03,-79
BLE,1676582034185763577,DF:DF:EE:00:00:05,-91
BLE,1676582034681132325,DF:DF:EE:00:00:01,-77
BLE,1676582034712405245,DF:DF:EE:00:00:02,-88
BLE,1676582034936410411,DF:DF:EE:00:00:03,-85
BLE,1676582035182617034,DF:DF:EE:00:00:02,-86
BLE,1676582035198256160,DF:DF:EE:00:00:05,-91
BLE,1676582035440626834,DF:DF:EE:00:00:04,-95
BLE,1676582035680914910,DF:DF:EE:00:00:01,-78
BLE,1676582035938303760,DF:DF:EE:00:00:03,-87
BLE,1676582035978348481,DF:DF:EE:00:00:04,-94
BLE,1676582036173480986,DF:DF:EE:00:00:02,-86
BLE,1676582036208305818,DF:DF:EE:00:00:05,-95
BLE,1676582036209491344,DF:DF:EE:00:00:05,-90
BLE,1676582036680323291,DF:DF:EE:00:00:01,-85
BLE,1676582036720444345,DF:DF:EE:00:00:02,-92
BLE,1676582036939967278,DF:DF:EE:00:00:03,-86
BLE,1676582037180950387,DF:DF:EE:00:00:02,-84
BLE,1676582037435355901,DF:DF:EE:00:00:04,-93
BLE,1676582037677708033,DF:DF:EE:00:00:01,-76
BLE,1676582037942796073,DF:DF:EE:00:00:03,-94
BLE,1676582038225797876,DF:DF:EE:00:00:05,-94
BLE,1676582038226841529,DF:DF:EE:00:00:05,-94
BLE,1676582038680243207,DF:DF:EE:00:00:01,-85
BLE,1676582038717631088,DF:DF:EE:00:00:02,-86
BLE,1676582039174074808,DF:DF:EE:00:00:02,-94
BLE,1676582039445214644,DF:DF:EE:00:00:04,-96
BLE,1676582039678695101,DF:DF:EE:00:00:01,-76
BLE,1676582039715920193,DF:DF:EE:00:00:02,-92
BLE,1676582039937330851,DF:DF:EE:00:00:03,-88
BLE,1676582040180875926,DF:DF:EE:00:00:02,-87
BLE,1676582040246760472,DF:DF:EE:00:00:05,-96
BLE,1676582040437696033,DF:DF:EE:00:00:04,-96
BLE,1676582040678390062,DF:DF:EE:00:00:01,-79
BLE,1676582040939183159,DF:DF:EE:00:00:03,-95
BLE,1676582041176350651,DF:DF:EE:00:00:02,-92
BLE,1676582041681412604,DF:DF:EE:00:00:01,-75
BLE,1676582041714842538,DF:DF:EE:00:00:02,-94
BLE,1676582042675981883,DF:DF:EE:00:00:01,-80
BLE,1676582042941038965,DF:DF:EE:00:00:03,-93
BLE,1676582042976300083,DF:DF:EE:00:00:04,-96
BLE,1676582043179857602,DF:DF:EE:00:00:02,-93
BLE,1676582043677214449,DF:DF:EE:00:00:01,-85
BLE,1676582043722184147,DF:DF:EE:00:00:02,-80
BLE,1676582043938028546,DF:DF:EE:00:00:03,-87
BLE,1676582044181005419,DF:DF:EE:00:00:02,-83
BLE,1676582044290518473,DF:DF:EE:00:00:05,-92
BLE,1676582044435078605,DF:DF:EE:00:00:04,-93
BLE,1676582044720286629,DF:DF:EE:00:00:02,-83
BLE,1676582044981559761,DF:DF:EE:00:00:04,-94
BLE,1676582045683530072,DF:DF:EE:00:00:01,-76
BLE,1676582045718431611,DF:DF:EE:00:00:02,-86
BLE,1676582045942134406,DF:DF:EE:00:00:03,-85
BLE,1676582046183180930,DF:DF:EE:00:00:02,-83
BLE,1676582046313015215,DF:DF:EE:00:00:05,-92
BLE,1676582046677641982,DF:DF:EE:00:00:01,-77
BLE,1676582046946015145,DF:DF:EE:00:00:03,-95
BLE,1676582047182880933,DF:DF:EE:00:00:02,-94
BLE,1676582047327961975,DF:DF:EE:00:00:05,-92
BLE,1676582047677755271,DF:DF:EE:00:00:01,-86
BLE,1676582047717909282,DF:DF:EE:00:00:02,-76
BLE,1676582048176286227,DF:DF:EE:00:00:02,-93
BLE,1676582048335478166,DF:DF:EE:00:00:05,-96
BLE,1676582048679494538,DF:DF:EE:00:00:01,-76
BLE,1676582048722796925,DF:DF:EE:00:00:02,-84
BLE,1676582048940622214,DF:DF:EE:00:00:03,-88
BLE,1676582048982971321,DF:DF:EE:00:00:04,-94
BLE,1676582049180590086,DF:DF:EE:00:00:02,-85
BLE,1676582049351750783,DF:DF:EE:00:00:05,-92
BLE,1676582049673686655,DF:DF:EE:00:00:01,-79
BLE,1676582049715086900,DF:DF:EE:00:00:02,-83
BLE,1676582050179087271,DF:DF:EE:00:00:02,-81
BLE,1676582050362968342,DF:DF:EE:00:00:05,-91
BLE,1676582050437349609,DF:DF:EE:00:00:04,-94
BLE,1676582050679105083,DF:DF:EE:00:00:01,-76
BLE,1676582050719552965,DF:DF:EE:00:00:02,-92
BLE,1676582050937907414,DF:DF:EE:00:00:03,-86
BLE,1676582050977715930,DF:DF:EE:00:00:04,-93
BLE,1676582051183082550,DF:DF:EE:00:00:02,-85
BLE,1676582051369199259,DF:DF:EE:00:00:05,-95
BLE,1676582051435213970,DF:DF:EE:00:00:04,-94
BLE,1676582051675850250,DF:DF:EE:00:00:01,-78
BLE,1676582051721257108,DF:DF:EE:00:00:02,-86
BLE,1676582051939192771,DF:DF:EE:00:00:03,-94
BLE,1676582052181352364,DF:DF:EE:00:00:02,-95
BLE,1676582052381721384,DF:DF:EE:00:00:05,-96
BLE,1676582052683973558,DF:DF:EE:00:00:01,-76
BLE,1676582052720480325,DF:DF:EE:00:00:02,-92
BLE,1676582052938751234,DF:DF:EE:00:00:03,-86
BLE,1676582053176160681,DF:DF:EE:00:00:02,-84
BLE,1676582053441874796,DF:DF:EE:00:00:04,-95
BLE,1676582053720317701,DF:DF:EE:00:00:02,-83
BLE,1676582053935546108,DF:DF:EE:00:00:03,-88
BLE,1676582054177503412,DF:DF:EE:00:00:02,-86
BLE,1676582054402979809,DF:DF:EE:00:00:05,-95
BLE,1676582054680176356,DF:DF:EE:00:00:01,-85
BLE,1676582054720301492,DF:DF:EE:00:00:02,-94
BLE,1676582055182949256,DF:DF:EE:00:00:02,-83
BLE,1676582055410458417,DF:DF:EE:00:00:05,-94
BLE,1676582055441853794,DF:DF:EE:00:00:04,-96
BLE,1676582055715375723,DF:DF:EE:00:00:02,-93
BLE,1676582055935347150,DF:DF:EE:00:00:03,-88
BLE,1676582055974960835,DF:DF:EE:00:00:04,-93
BLE,1676582056682286617,DF:DF:EE:00:00:01,-75
BLE,1676582056719063131,DF:DF:EE:00:00:02,-85
BLE,1676582056941720440,DF:DF:EE:00:00:03,-86
BLE,1676582056974870877,DF:DF:EE:00:00:04,-95
BLE,1676582057174353909,DF:DF:EE:00:00:02,-92
BLE,1676582057431752134,DF:DF:EE:00:00:05,-90
BLE,1676582057438187132,DF:DF:EE:00:00:04,-93
BLE,1676582057718098018,DF:DF:EE:00:00:02,-92
BLE,1676582057934387869,DF:DF:EE:00:00:03,-86
BLE,1676582058182085680,DF:DF:EE:00:00:02,-87
BLE,1676582058436240365,DF:DF:EE:00:00:04,-94
BLE,1676582058678692745,DF:DF:EE:00:00:01,-65
BLE,1676582058680119727,DF:DF:EE:00:00:01,-86
BLE,1676582058717508274,DF:DF:EE:00:00:02,-85
BLE,1676582058935801516,DF:DF:EE:00:00:03,-93
BLE,1676582059177415283,DF:DF:EE:00:00:02,-92
BLE,1676582059440969676,DF:DF:EE:00:00:04,-94
BLE,1676582059447964875,DF:DF:EE:00:00:05,-95
BLE,1676582059678036711,DF:DF:EE:00:00:01,-77
BLE,1676582059933721334,DF:DF:EE:00:00:03,-87
BLE,1676582060182238634,DF:DF:EE:00:00:02,-85
BLE,1676582060461765400,DF:DF:EE:00:00:05,-95
BLE,1676582060683081310,DF:DF:EE:00:00:01,-86
BLE,1676582060720461775,DF:DF:EE:00:00:02,-74
BLE,1676582060943295248,DF:DF:EE:00:00:03,-94
BLE,1676582061180508031,DF:DF:EE:00:00:02,-93
BLE,1676582061440436306,DF:DF:EE:00:00:04,-94
BLE,1676582061479338250,DF:DF:EE:00:00:05,-92
BLE,1676582061682985227,DF:DF:EE:00:00:01,-76
BLE,1676582061721839880,DF:DF:EE:00:00:02,-92
BLE,1676582061943196831,DF:DF:EE:00:00:03,-86
BLE,1676582062175514762,DF:DF:EE:00:00:02,-84
BLE,1676582062442065616,DF:DF:EE:00:00:04,-96
BLE,1676582062675949152,DF:DF:EE:00:00:01,-76
BLE,1676582062718756378,DF:DF:EE:00:00:02,-83
BLE,1676582062938374477,DF:DF:EE:00:00:03,-87
BLE,1676582062976381017,DF:DF:EE:00:00:04,-94
BLE,1676582063175489595,DF:DF:EE:00:00:02,-89
BLE,1676582063495573200,DF:DF:EE:00:00:05,-95
BLE,1676582063684572703,DF:DF:EE:00:00:01,-76
BLE,1676582063713425031,DF:DF:EE:00:00:02,-86
BLE,1676582064175394053,DF:DF:EE:00:00:02,-93
BLE,1676582064437645048,DF:DF:EE:00:00:04,-93
BLE,1676582064508086159,DF:DF:EE:00:00:05,-84
BLE,1676582064677142592,DF:DF:EE:00:00:01,-76
BLE,1676582064715197090,DF:DF:EE:00:00:02,-81
BLE,1676582064935713135,DF:DF:EE:00:00:03,-87
BLE,1676582064975704190,DF:DF:EE:00:00:04,-93
BLE,1676582065180037241,DF:DF:EE:00:00:02,-86
BLE,1676582065520553743,DF:DF:EE:00:00:05,-96
BLE,1676582065678193744,DF:DF:EE:00:00:01,-86
BLE,1676582065720813306,DF:DF:EE:00:00:02,-87
BLE,1676582065975728480,DF:DF:EE:00:00:04,-95
BLE,1676582066176315956,DF:DF:EE:00:00:02,-93
BLE,1676582066439989098,DF:DF:EE:00:00:04,-94
BLE,1676582066534328976,DF:DF:EE:00:00:05,-95
BLE,1676582066675885273,DF:DF:EE:00:00:01,-77
BLE,1676582066721728876,DF:DF:EE:00:00:02,-83
BLE,1676582066936018004,DF:DF:EE:00:00:03,-87
BLE,1676582066980843703,DF:DF:EE:00:00:04,-93
BLE,1676582067437623961,DF:DF:EE:00:00:04,-96
BLE,1676582067545542369,DF:DF:EE:00:00:05,-94
BLE,1676582067720636222,DF:DF:EE:00:00:02,-86
BLE,1676582067939577372,DF:DF:EE:00:00:03,-96
BLE,1676582067975540064,DF:DF:EE:00:00:04,-96
BLE,1676582068182963449,DF:DF:EE:00:00:02,-84
BLE,1676582068560530920,DF:DF:EE:00:00:05,-94
BLE,1676582068679291767,DF:DF:EE:00:00:01,-76
BLE,1676582068717650844,DF:DF:EE:00:00:02,-93
BLE,1676582068937659521,DF:DF:EE:00:00:03,-85
BLE,1676582069181775588,DF:DF:EE:00:00:02,-87
BLE,1676582069440140175,DF:DF:EE:00:00:04,-95
BLE,1676582069565523602,DF:DF:EE:00:00:05,-95
BLE,1676582069676165516,DF:DF:EE:00:00:01,-80
BLE,1676582069715586454,DF:DF:EE:00:00:02,-84
BLE,1676582069937684186,DF:DF:EE:00:00:03,-93
BLE,1676582069979289887,DF:DF:EE:00:00:04,-94
BLE,1676582070179324369,DF:DF:EE:00:00:02,-93
BLE,1676582070722279114,DF:DF:EE:00:00:02,-92
BLE,1676582070938985501,DF:DF:EE:00:00:03,-86
BLE,1676582071176056286,DF:DF:EE:00:00:02,-84
BLE,1676582071435705273,DF:DF:EE:00:00:04,-84
BLE,1676582071589280203,DF:DF:EE:00:00:05,-93
BLE,1676582071680901784,DF:DF:EE:00:00:01,-78
BLE,1676582071943319276,DF:DF:EE:00:00:03,-95
BLE,1676582071980510327,DF:DF:EE:00:00:04,-96
BLE,1676582072600552011,DF:DF:EE:00:00:05,-94
BLE,1676582072676619173,DF:DF:EE:00:00:01,-86
BLE,1676582072720579301,DF:DF:EE:00:00:02,-93
BLE,1676582072938018137,DF:DF:EE:00:00:03,-85
BLE,1676582073435178903,DF:DF:EE:00:00:04,-93
BLE,1676582073614697407,DF:DF:EE:00:00:05,-96
BLE,1676582073721740159,DF:DF:EE:00:00:02,-83
BLE,1676582073943085944,DF:DF:EE:00:00:03,-95
BLE,1676582073974500862,DF:DF:EE:00:00:04,-95
BLE,1676582074177716136,DF:DF:EE:00:00:02,-86
BLE,1676582074435558647,DF:DF:EE:00:00:04,-96
BLE,1676582074676006846,DF:DF:EE:00:00:01,-78
BLE,1676582074942126080,DF:DF:EE:00:00:03,-85
BLE,1676582075176629233,DF:DF:EE:00:00:02,-93
BLE,1676582075443086754,DF:DF:EE:00:00:04,-96
BLE,1676582075631858594,DF:DF:EE:00:00:05,-91
BLE,1676582075680217497,DF:DF:EE:00:00:01,-77
BLE,1676582075941920290,DF:DF:EE:00:00:03,-86
BLE,1676582075981013190,DF:DF:EE:00:00:04,-93
BLE,1676582076438999682,DF:DF:EE:00:00:04,-93
BLE,1676582076646833187,DF:DF:EE:00:00:05,-91
BLE,1676582076683121791,DF:DF:EE:00:00:01,-85
BLE,1676582076719916096,DF:DF:EE:00:00:02,-86
BLE,1676582076940676722,DF:DF:EE:00:00:03,-95
BLE,1676582076974396652,DF:DF:EE:00:00:04,-95
BLE,1676582077172717032,DF:DF:EE:00:00:02,-85
BLE,1676582077439125679,DF:DF:EE:00:00:04,-92
BLE,1676582077660370257,DF:DF:EE:00:00:05,-92
BLE,1676582077678174105,DF:DF:EE:00:00:01,-76
BLE,1676582077716944176,DF:DF:EE:00:00:02,-82
BLE,1676582077938976827,DF:DF:EE:00:00:03,-85
BLE,1676582078175665533,DF:DF:EE:00:00:02,-82
BLE,1676582078436021303,DF:DF:EE:00:00:04,-87
BLE,1676582078940943174,DF:DF:EE:00:00:03,-93
BLE,1676582078975912921,DF:DF:EE:00:00:04,-94
BLE,1676582079180054724,DF:DF:EE:00:00:02,-93
BLE,1676582079674332653,DF:DF:EE:00:00:01,-85
BLE,1676582079721825151,DF:DF:EE:00:00:02,-93
BLE,1676582079943158061,DF:DF:EE:00:00:03,-88
BLE,1676582079981303182,DF:DF:EE:00:00:04,-92
BLE,1676582080175352202,DF:DF:EE:00:00:02,-69
BLE,1676582080432783135,DF:DF:EE:00:00:04,-94
BLE,1676582080681635097,DF:DF:EE:00:00:01,-79
BLE,1676582080719476098,DF:DF:EE:00:00:02,-84
BLE,1676582080976548077,DF:DF:EE:00:00:04,-94
BLE,1676582081174723751,DF:DF:EE:00:00:02,-86
BLE,1676582081678385556,DF:DF:EE:00:00:01,-85
BLE,1676582081701709164,DF:DF:EE:00:00:05,-93
BLE,1676582081716639717,DF:DF:EE:00:00:02,-86
BLE,1676582081939662063,DF:DF:EE:00:00:03,-86
BLE,1676582082176260313,DF:DF:EE:00:00:02,-92
BLE,1676582082437827066,DF:DF:EE:00:00:04,-94
BLE,1676582082707011343,DF:DF:EE:00:00:05,-94
BLE,1676582082713437800,DF:DF:EE:00:00:02,-93
BLE,1676582082943405137,DF:DF:EE:00:00:03,-94
BLE,1676582083180029887,DF:DF:EE:00:00:02,-86
BLE,1676582083719211681,DF:DF:EE:00:00:05,-94
BLE,1676582083942203194,DF:DF:EE:00:00:03,-86
BLE,1676582084180696543,DF:DF:EE:00:00:02,-84
BLE,1676582084438639803,DF:DF:EE:00:00:04,-93
BLE,1676582084678599175,DF:DF:EE:00:00:01,-77
BLE,1676582084722316722,DF:DF:EE:00:00:02,-84
BLE,1676582084940084346,DF:DF:EE:00:00:03,-87
BLE,1676582084975937955,DF:DF:EE:00:00:04,-92
BLE,1676582085674732766,DF:DF:EE:00:00:01,-79
BLE,1676582085741718090,DF:DF:EE:00:00:05,-95
BLE,1676582086177276794,DF:DF:EE:00:00:02,-92
BLE,1676582086682464455,DF:DF:EE:00:00:01,-76
BLE,1676582086716128135,DF:DF:EE:00:00:02,-92
BLE,1676582086756706391,DF:DF:EE:00:00:05,-94
BLE,1676582086936043105,DF:DF:EE:00:00:03,-86
BLE,1676582087176354472,DF:DF:EE:00:00:02,-83
BLE,1676582087439212208,DF:DF:EE:00:00:04,-95
BLE,1676582087714877609,DF:DF:EE:00:00:02,-84
BLE,1676582087943534921,DF:DF:EE:00:00:03,-95
BLE,1676582087976750191,DF:DF:EE:00:00:04,-95
BLE,1676582088678447505,DF:DF:EE:00:00:01,-74
BLE,1676582088713889495,DF:DF:EE:00:00:02,-87
BLE,1676582088772975257,DF:DF:EE:00:00:05,-91
BLE,1676582088936676594,DF:DF:EE:00:00:03,-86
BLE,1676582089443037864,DF:DF:EE:00:00:04,-95
BLE,1676582089677969510,DF:DF:EE:00:00:01,-79
BLE,1676582089715750928,DF:DF:EE:00:00:02,-84
BLE,1676582089787949183,DF:DF:EE:00:00:05,-93
BLE,1676582089942318102,DF:DF:EE:00:00:03,-96
BLE,1676582090181175072,DF:DF:EE:00:00:02,-93
BLE,1676582090681220008,DF:DF:EE:00:00:01,-85
BLE,1676582090715795135,DF:DF:EE:00:00:02,-86
BLE,1676582090798000424,DF:DF:EE:00:00:05,-91
BLE,1676582090934851366,DF:DF:EE:00:00:03,-93
BLE,1676582091180856325,DF:DF:EE:00:00:02,-83
BLE,1676582091437094023,DF:DF:EE:00:00:04,-94
BLE,1676582091679404697,DF:DF:EE:00:00:01,-76
BLE,1676582091715755634,DF:DF:EE:00:00:02,-92
BLE,1676582091936826339,DF:DF:EE:00:00:03,-87
BLE,1676582091981333584,DF:DF:EE:00:00:04,-95
BLE,1676582092177524534,DF:DF:EE:00:00:02,-74
BLE,1676582092682658028,DF:DF:EE:00:00:01,-75
BLE,1676582092816742549,DF:DF:EE:00:00:05,-80
BLE,1676582092974480382,DF:DF:EE:00:00:04,-85
BLE,1676582093176546754,DF:DF:EE:00:00:02,-91
BLE,1676582093679304988,DF:DF:EE:00:00:01,-61
BLE,1676582093711549895,DF:DF:EE:00:00:02,-84
BLE,1676582093831815890,DF:DF:EE:00:00:05,-83
BLE,1676582093833002249,DF:DF:EE:00:00:05,-76
BLE,1676582093938457356,DF:DF:EE:00:00:03,-87
BLE,1676582094433539567,DF:DF:EE:00:00:04,-94
BLE,1676582094673401940,DF:DF:EE:00:00:01,-79
BLE,1676582094714038903,DF:DF:EE:00:00:02,-84
BLE,1676582094839052668,DF:DF:EE:00:00:05,-94
BLE,1676582094933184592,DF:DF:EE:00:00:03,-86
BLE,1676582095176147507,DF:DF:EE:00:00:02,-92
BLE,1676582095678141751,DF:DF:EE:00:00:01,-75
BLE,1676582095720733022,DF:DF:EE:00:00:02,-94
BLE,1676582095855334619,DF:DF:EE:00:00:05,-94
BLE,1676582095936189676,DF:DF:EE:00:00:03,-85
BLE,1676582096175834260,DF:DF:EE:00:00:02,-83
BLE,1676582096439941688,DF:DF:EE:00:00:04,-94
BLE,1676582096864157376,DF:DF:EE:00:00:05,-95
BLE,1676582096933530418,DF:DF:EE:00:00:03,-86
BLE,1676582096980471173,DF:DF:EE:00:00:04,-95
BLE,1676582097172597968,DF:DF:EE:00:00:02,-85
BLE,1676582097683559427,DF:DF:EE:00:00:01,-76
BLE,1676582097718496091,DF:DF:EE:00:00:02,-92
BLE,1676582097871590943,DF:DF:EE:00:00:05,-94
BLE,1676582097934339614,DF:DF:EE:00:00:03,-93
BLE,1676582098179055632,DF:DF:EE:00:00:02,-84
BLE,1676582098439688522,DF:DF:EE:00:00:04,-93
BLE,1676582098884107527,DF:DF:EE:00:00:05,-95
BLE,1676582098941943596,DF:DF:EE:00:00:03,-95
BLE,1676582098971157460,DF:DF:EE:00:00:04,-95
BLE,1676582099174102655,DF:DF:EE:00:00:02,-87
BLE,1676582099683100014,DF:DF:EE:00:00:01,-76
BLE,1676582099713941565,DF:DF:EE:00:00:02,-86
BLE,1676582099901589378,DF:DF:EE:00:00:05,-93
BLE,1676582099939930538,DF:DF:EE:00:00:03,-75
BLE,1676582099972602190,DF:DF:EE:00:00:04,-94
BLE,1676582100173823199,DF:DF:EE:00:00:02,-94
BLE,1676582100435007874,DF:DF:EE:00:00:04,-93
BLE,1676582100679354813,DF:DF:EE:00:00:01,-76
BLE,1676582100713273739,DF:DF:EE:00:00:02,-93
BLE,1676582100914246876,DF:DF:EE:00:00:05,-94
BLE,1676582100937573860,DF:DF:EE:00:00:03,-86
BLE,1676582100981098493,DF:DF:EE:00:00:04,-96
BLE,1676582101179524664,DF:DF:EE:00:00:02,-85
BLE,1676582101676153104,DF:DF:EE:00:00:01,-78
BLE,1676582101718949622,DF:DF:EE:00:00:02,-85
BLE,1676582101928960848,DF:DF:EE:00:00:05,-93
BLE,1676582101936872451,DF:DF:EE:00:00:03,-94
BLE,1676582102176223623,DF:DF:EE:00:00:02,-94
BLE,1676582102677630833,DF:DF:EE:00:00:01,-75
BLE,1676582102719409823,DF:DF:EE:00:00:02,-93
BLE,1676582102941490389,DF:DF:EE:00:00:05,-94
BLE,1676582103176256830,DF:DF:EE:00:00:02,-84
BLE,1676582103438028580,DF:DF:EE:00:00:04,-95
BLE,1676582103674952576,DF:DF:EE:00:00:01,-79
BLE,1676582103719932773,DF:DF:EE:00:00:02,-85
BLE,1676582103939914492,DF:DF:EE:00:00:03,-95
BLE,1676582103959011448,DF:DF:EE:00:00:05,-90
BLE,1676582104174490268,DF:DF:EE:00:00:02,-85
BLE,1676582104683811957,DF:DF:EE:00:00:01,-76
BLE,1676582104712929573,DF:DF:EE:00:00:02,-86
BLE,1676582104941332264,DF:DF:EE:00:00:03,-87
BLE,1676582105174663307,DF:DF:EE:00:00:02,-83
BLE,1676582105434413209,DF:DF:EE:00:00:04,-93
BLE,1676582105674439913,DF:DF:EE:00:00:01,-77
BLE,1676582105715186875,DF:DF:EE:00:00:02,-83
BLE,1676582105980332331,DF:DF:EE:00:00:05,-95
BLE,1676582106174019397,DF:DF:EE:00:00:02,-87
BLE,1676582106681497861,DF:DF:EE:00:00:01,-76
BLE,1676582106715907323,DF:DF:EE:00:00:02,-86
BLE,1676582106990241616,DF:DF:EE:00:00:05,-94
BLE,1676582107434061878,DF:DF:EE:00:00:04,-93
BLE,1676582107676153555,DF:DF:EE:00:00:01,-76
BLE,1676582107713295606,DF:DF:EE:00:00:02,-92
BLE,1676582107943356484,DF:DF:EE:00:00:03,-95
BLE,1676582107975835680,DF:DF:EE:00:00:04,-93
BLE,1676582108181367631,DF:DF:EE:00:00:02,-92
BLE,1676582108675888432,DF:DF:EE:00:00:01,-85
BLE,1676582108940098984,DF:DF:EE:00:00:03,-85
BLE,1676582109015217783,DF:DF:EE:00:00:05,-94
BLE,1676582109181265923,DF:DF:EE:00:00:02,-84
BLE,1676582109678706936,DF:DF:EE:00:00:01,-62
BLE,1676582109714081218,DF:DF:EE:00:00:02,-92
BLE,1676582109940181482,DF:DF:EE:00:00:03,-76
BLE,1676582109976174214,DF:DF:EE:00:00:04,-93
BLE,1676582110177146851,DF:DF:EE:00:00:02,-75
BLE,1676582110681330483,DF:DF:EE:00:00:01,-85
BLE,1676582111183950052,DF:DF:EE:00:00:02,-68
BLE,1676582111680789114,DF:DF:EE:00:00:01,-75
BLE,1676582111711505833,DF:DF:EE:00:00:02,-85
BLE,1676582111935922536,DF:DF:EE:00:00:03,-86
BLE,1676582112178640121,DF:DF:EE:00:00:02,-85
BLE,1676582112679561587,DF:DF:EE:00:00:01,-79
BLE,1676582112934079350,DF:DF:EE:00:00:03,-87
BLE,1676582112975220224,DF:DF:EE:00:00:04,-97
BLE,1676582113056471525,DF:DF:EE:00:00:05,-95
BLE,1676582113179784396,DF:DF:EE:00:00:02,-92
BLE,1676582113673824912,DF:DF:EE:00:00:01,-85
BLE,1676582113712579067,DF:DF:EE:00:00:02,-85
BLE,1676582113933854269,DF:DF:EE:00:00:03,-86
BLE,1676582114677235574,DF:DF:EE:00:00:01,-68
BLE,1676582114717898954,DF:DF:EE:00:00:02,-69
BLE,1676582114935253458,DF:DF:EE:00:00:03,-86
BLE,1676582115677188115,DF:DF:EE:00:00:01,-74
BLE,1676582115972312258,DF:DF:EE:00:00:04,-84
BLE,1676582116088963884,DF:DF:EE:00:00:05,-75
BLE,1676582116431974978,DF:DF:EE:00:00:04,-94
BLE,1676582116679177963,DF:DF:EE:00:00:01,-79
BLE,1676582116714180250,DF:DF:EE:00:00:02,-92
BLE,1676582116933967430,DF:DF:EE:00:00:03,-87
BLE,1676582116978771047,DF:DF:EE:00:00:04,-95
BLE,1676582117673755658,DF:DF:EE:00:00:01,-80
BLE,1676582117715470732,DF:DF:EE:00:00:02,-86
BLE,1676582118681537138,DF:DF:EE:00:00:01,-78
BLE,1676582118719069934,DF:DF:EE:00:00:02,-83
BLE,1676582118939820476,DF:DF:EE:00:00:03,-87
BLE,1676582119119012817,DF:DF:EE:00:00:05,-94
BLE,1676582119176359226,DF:DF:EE:00:00:02,-85
BLE,1676582119437278280,DF:DF:EE:00:00:04,-94
BLE,1676582119681170433,DF:DF:EE:00:00:01,-86
BLE,1676582119717502328,DF:DF:EE:00:00:02,-85
BLE,1676582119941121207,DF:DF:EE:00:00:03,-87
BLE,1676582119973785359,DF:DF:EE:00:00:04,-95
BLE,1676582120131592733,DF:DF:EE:00:00:05,-93
BLE,1676582120177848080,DF:DF:EE:00:00:02,-92
BLE,1676582120438059643,DF:DF:EE:00:00:04,-93
BLE,1676582120673664073,DF:DF:EE:00:00:01,-85
BLE,1676582120711157244,DF:DF:EE:00:00:02,-85
BLE,1676582120942240191,DF:DF:EE:00:00:03,-87
BLE,1676582121136540958,DF:DF:EE:00:00:05,-96
BLE,1676582121720294997,DF:DF:EE:00:00:02,-87
BLE,1676582121936760429,DF:DF:EE:00:00:03,-94
BLE,1676582121979537281,DF:DF:EE:00:00:04,-94
BLE,1676582122150327275,DF:DF:EE:00:00:05,-94
BLE,1676582122180723873,DF:DF:EE:00:00:02,-93
BLE,1676582122674975136,DF:DF:EE:00:00:01,-75
BLE,1676582122711557361,DF:DF:EE:00:00:02,-85
BLE,1676582122937874747,DF:DF:EE:00:00:03,-86
BLE,1676582123179369682,DF:DF:EE:00:00:02,-83
BLE,1676582123437334399,DF:DF:EE:00:00:04,-94
BLE,1676582123714664528,DF:DF:EE:00:00:02,-83
BLE,1676582123971365928,DF:DF:EE:00:00:04,-96
BLE,1676582124172823809,DF:DF:EE:00:00:05,-92
BLE,1676582124673549194,DF:DF:EE:00:00:01,-85
BLE,1676582124719125801,DF:DF:EE:00:00:02,-81
BLE,1676582124940764248,DF:DF:EE:00:00:03,-86
BLE,1676582125178128654,DF:DF:EE:00:00:02,-84
BLE,1676582125939935508,DF:DF:EE:00:00:03,-87
BLE,1676582125974950587,DF:DF:EE:00:00:04,-93
BLE,1676582126176150554,DF:DF:EE:00:00:02,-85
BLE,1676582126190325242,DF:DF:EE:00:00:05,-91
BLE,1676582126935857435,DF:DF:EE:00:00:03,-95
BLE,1676582127197820642,DF:DF:EE:00:00:05,-94
BLE,1676582127940367791,DF:DF:EE:00:00:03,-87
BLE,1676582128178996139,DF:DF:EE:00:00:02,-85
BLE,1676582128215323451,DF:DF:EE:00:00:05,-91
BLE,1676582128432790703,DF:DF:EE:00:00:04,-99
BLE,1676582128676417985,DF:DF:EE:00:00:01,-78
BLE,1676582128719219545,DF:DF:EE:00:00:02,-84
BLE,1676582129229071560,DF:DF:EE:00:00:05,-77
BLE,1676582129679077241,DF:DF:EE:00:00:01,-77
BLE,1676582129715429219,DF:DF:EE:00:00:02,-92
BLE,1676582130180431826,DF:DF:EE:00:00:02,-85
BLE,1676582130242753253,DF:DF:EE:00:00:05,-92
BLE,1676582130433996185,DF:DF:EE:00:00:04,-95
BLE,1676582130680940965,DF:DF:EE:00:00:01,-85
BLE,1676582130941889226,DF:DF:EE:00:00:03,-93
BLE,1676582130979375689,DF:DF:EE:00:00:04,-92
BLE,1676582131181791515,DF:DF:EE:00:00:02,-92
BLE,1676582131675854656,DF:DF:EE:00:00:01,-85
BLE,1676582131718170805,DF:DF:EE:00:00:02,-93
BLE,1676582132257857843,DF:DF:EE:00:00:05,-93
BLE,1676582132680547759,DF:DF:EE:00:00:01,-78
BLE,1676582132719422954,DF:DF:EE:00:00:02,-83
BLE,1676582132942748296,DF:DF:EE:00:00:03,-93
BLE,1676582133176940952,DF:DF:EE:00:00:02,-85
BLE,1676582133271667284,DF:DF:EE:00:00:05,-92
BLE,1676582133674126343,DF:DF:EE:00:00:01,-85
BLE,1676582133712427837,DF:DF:EE:00:00:02,-85
BLE,1676582133937125285,DF:DF:EE:00:00:03,-75
BLE,1676582134173757910,DF:DF:EE:00:00:02,-92
BLE,1676582134434304510,DF:DF:EE:00:00:04,-93
BLE,1676582134681505619,DF:DF:EE:00:00:01,-78
BLE,1676582134712211964,DF:DF:EE:00:00:02,-93
BLE,1676582134939201340,DF:DF:EE:00:00:03,-86
BLE,1676582134974166920,DF:DF:EE:00:00:04,-93
BLE,1676582135290389326,DF:DF:EE:00:00:05,-94
BLE,1676582135671783122,DF:DF:EE:00:00:01,-78
BLE,1676582135714787095,DF:DF:EE:00:00:02,-86
BLE,1676582135936279919,DF:DF:EE:00:00:03,-93
BLE,1676582136175532592,DF:DF:EE:00:00:02,-93
BLE,1676582136306637819,DF:DF:EE:00:00:05,-96
BLE,1676582136720852764,DF:DF:EE:00:00:02,-84
BLE,1676582136939457251,DF:DF:EE:00:00:03,-87
BLE,1676582137178852172,DF:DF:EE:00:00:02,-86
BLE,1676582137315423618,DF:DF:EE:00:00:05,-92
BLE,1676582137673767635,DF:DF:EE:00:00:01,-79
BLE,1676582137719245159,DF:DF:EE:00:00:02,-87
BLE,1676582137969531936,DF:DF:EE:00:00:04,-94
BLE,1676582138171859472,DF:DF:EE:00:00:02,-86
BLE,1676582138326640969,DF:DF:EE:00:00:05,-93
BLE,1676582138677605749,DF:DF:EE:00:00:01,-76
BLE,1676582138716901522,DF:DF:EE:00:00:02,-91
BLE,1676582138941620179,DF:DF:EE:00:00:03,-86
BLE,1676582139337904152,DF:DF:EE:00:00:05,-94
BLE,1676582139716319487,DF:DF:EE:00:00:02,-84
BLE,1676582139932969958,DF:DF:EE:00:00:03,-87
BLE,1676582139969421394,DF:DF:EE:00:00:04,-94
BLE,1676582140173824235,DF:DF:EE:00:00:02,-85
BLE,1676582140677249168,DF:DF:EE:00:00:01,-85
BLE,1676582140720840676,DF:DF:EE:00:00:02,-91
BLE,1676582141358933122,DF:DF:EE:00:00:05,-90
BLE,1676582141434186253,DF:DF:EE:00:00:04,-94
BLE,1676582141681033367,DF:DF:EE:00:00:01,-80
BLE,1676582141711923501,DF:DF:EE:00:00:02,-91
BLE,1676582141933158579,DF:DF:EE:00:00:03,-76
BLE,1676582142179693822,DF:DF:EE:00:00:02,-92
BLE,1676582142677887908,DF:DF:EE:00:00:01,-85
BLE,1676582142719457067,DF:DF:EE:00:00:02,-93
BLE,1676582143179071162,DF:DF:EE:00:00:02,-83
BLE,1676582143384379617,DF:DF:EE:00:00:05,-90
BLE,1676582143433622716,DF:DF:EE:00:00:04,-94
BLE,1676582143717244845,DF:DF:EE:00:00:02,-84
BLE,1676582143936371950,DF:DF:EE:00:00:03,-86
BLE,1676582143979503839,DF:DF:EE:00:00:04,-94
BLE,1676582144395409928,DF:DF:EE:00:00:05,-92
BLE,1676582144679443426,DF:DF:EE:00:00:01,-85
BLE,1676582144939687822,DF:DF:EE:00:00:03,-84
BLE,1676582144971956646,DF:DF:EE:00:00:04,-95
BLE,1676582145180594056,DF:DF:EE:00:00:02,-83
BLE,1676582145401461014,DF:DF:EE:00:00:05,-95
BLE,1676582145434230623,DF:DF:EE:00:00:04,-93
BLE,1676582145677262496,DF:DF:EE:00:00:01,-76
BLE,1676582145719299357,DF:DF:EE:00:00:02,-69
BLE,1676582145932646539,DF:DF:EE:00:00:03,-86
BLE,1676582146174911547,DF:DF:EE:00:00:02,-83
BLE,1676582146409067329,DF:DF:EE:00:00:05,-94
BLE,1676582146681234025,DF:DF:EE:00:00:01,-86
BLE,1676582146713325268,DF:DF:EE:00:00:02,-84
BLE,1676582146932679746,DF:DF:EE:00:00:03,-87
BLE,1676582147174439010,DF:DF:EE:00:00:02,-92
BLE,1676582147416571104,DF:DF:EE:00:00:05,-94
BLE,1676582147678264272,DF:DF:EE:00:00:01,-77
BLE,1676582147714571584,DF:DF:EE:00:00:02,-92
BLE,1676582147932053419,DF:DF:EE:00:00:03,-85
BLE,1676582148181688913,DF:DF:EE:00:00:02,-86
BLE,1676582148427816037,DF:DF:EE:00:00:05,-94
BLE,1676582148439882503,DF:DF:EE:00:00:04,-95
BLE,1676582148719586808,DF:DF:EE:00:00:02,-86
BLE,1676582148931995461,DF:DF:EE:00:00:03,-87
BLE,1676582148974743979,DF:DF:EE:00:00:04,-95
BLE,1676582149172137580,DF:DF:EE:00:00:02,-73
BLE,1676582149439437258,DF:DF:EE:00:00:04,-93
BLE,1676582149444001656,DF:DF:EE:00:00:05,-92
BLE,1676582149682096844,DF:DF:EE:00:00:01,-61
BLE,1676582149720665334,DF:DF:EE:00:00:02,-93
BLE,1676582150439500714,DF:DF:EE:00:00:04,-96
BLE,1676582150470253266,DF:DF:EE:00:00:05,-77
BLE,1676582150681187355,DF:DF:EE:00:00:01,-79
BLE,1676582150718109909,DF:DF:EE:00:00:02,-68
BLE,1676582150932029958,DF:DF:EE:00:00:03,-75
BLE,1676582150972107678,DF:DF:EE:00:00:04,-82
BLE,1676582151176745642,DF:DF:EE:00:00:02,-73
BLE,1676582151677941605,DF:DF:EE:00:00:01,-85
BLE,1676582151713509926,DF:DF:EE:00:00:02,-87
BLE,1676582151932931320,DF:DF:EE:00:00:03,-93
BLE,1676582152177271300,DF:DF:EE:00:00:02,-83
BLE,1676582152441088982,DF:DF:EE:00:00:04,-95
BLE,1676582152476612096,DF:DF:EE:00:00:05,-92
BLE,1676582152676245793,DF:DF:EE:00:00:01,-76
BLE,1676582152722192894,DF:DF:EE:00:00:02,-83
BLE,1676582152938383372,DF:DF:EE:00:00:03,-86
BLE,1676582152977526854,DF:DF:EE:00:00:04,-94
BLE,1676582153174064342,DF:DF:EE:00:00:02,-85
BLE,1676582153489095639,DF:DF:EE:00:00:05,-95
BLE,1676582153673732450,DF:DF:EE:00:00:01,-78
BLE,1676582153933465269,DF:DF:EE:00:00:03,-93
BLE,1676582154181349661,DF:DF:EE:00:00:02,-84
BLE,1676582154437223198,DF:DF:EE:00:00:04,-93
BLE,1676582154673176539,DF:DF:EE:00:00:01,-85
BLE,1676582154712271856,DF:DF:EE:00:00:02,-92
BLE,1676582154933707973,DF:DF:EE:00:00:03,-84
BLE,1676582154974450851,DF:DF:EE:00:00:04,-94
BLE,1676582155177159798,DF:DF:EE:00:00:02,-85
BLE,1676582155674679518,DF:DF:EE:00:00:01,-79
BLE,1676582155938881403,DF:DF:EE:00:00:03,-93
BLE,1676582155972110672,DF:DF:EE:00:00:04,-94
BLE,1676582156181725404,DF:DF:EE:00:00:02,-84
BLE,1676582156680414483,DF:DF:EE:00:00:01,-76
BLE,1676582156715712600,DF:DF:EE:00:00:02,-91
BLE,1676582156934345129,DF:DF:EE:00:00:03,-85
BLE,1676582157434615395,DF:DF:EE:00:00:04,-96
BLE,1676582157677401855,DF:DF:EE:00:00:01,-80
BLE,1676582157713061884,DF:DF:EE:00:00:02,-83
BLE,1676582157930864965,DF:DF:EE:00:00:03,-86
BLE,1676582157977223978,DF:DF:EE:00:00:04,-95
BLE,1676582158173482593,DF:DF:EE:00:00:02,-85
BLE,1676582158677961388,DF:DF:EE:00:00:01,-85
BLE,1676582158718590518,DF:DF:EE:00:00:02,-82
BLE,1676582158934833995,DF:DF:EE:00:00:03,-85
BLE,1676582159565279667,DF:DF:EE:00:00:05,-95
BLE,1676582159680461645,DF:DF:EE:00:00:01,-80
BLE,1676582159934251793,DF:DF:EE:00:00:03,-86
BLE,1676582159978666956,DF:DF:EE:00:00:04,-93
BLE,1676582160175485148,DF:DF:EE:00:00:02,-85
BLE,1676582160578884861,DF:DF:EE:00:00:05,-93
BLE,1676582160682612157,DF:DF:EE:00:00:01,-77
BLE,1676582160717951566,DF:DF:EE:00:00:02,-85
BLE,1676582160938502902,DF:DF:EE:00:00:03,-85
BLE,1676582161181628316,DF:DF:EE:00:00:02,-83
BLE,1676582161435507504,DF:DF:EE:00:00:04,-93
BLE,1676582161674642137,DF:DF:EE:00:00:01,-76
BLE,1676582161721061023,DF:DF:EE:00:00:02,-84
BLE,1676582161936761799,DF:DF:EE:00:00:03,-87
BLE,1676582162174181329,DF:DF:EE:00:00:02,-86
BLE,1676582162607723936,DF:DF:EE:00:00:05,-94
BLE,1676582162680229770,DF:DF:EE:00:00:01,-85
BLE,1676582162718125644,DF:DF:EE:00:00:02,-85
BLE,1676582162969717404,DF:DF:EE:00:00:04,-94
BLE,1676582163177687449,DF:DF:EE:00:00:02,-92
BLE,1676582163674988130,DF:DF:EE:00:00:01,-76
BLE,1676582163714826895,DF:DF:EE:00:00:02,-92
BLE,1676582163938552356,DF:DF:EE:00:00:03,-86
BLE,1676582164179859461,DF:DF:EE:00:00:02,-86
BLE,1676582164435594832,DF:DF:EE:00:00:04,-95
BLE,1676582164671875503,DF:DF:EE:00:00:01,-79
BLE,1676582164712668006,DF:DF:EE:00:00:02,-83
BLE,1676582164931406491,DF:DF:EE:00:00:03,-87
BLE,1676582165181891683,DF:DF:EE:00:00:02,-82
BLE,1676582165637688537,DF:DF:EE:00:00:05,-91
BLE,1676582165678555038,DF:DF:EE:00:00:01,-76
BLE,1676582165715885170,DF:DF:EE:00:00:02,-92
BLE,1676582165934634947,DF:DF:EE:00:00:03,-86
BLE,1676582166177552947,DF:DF:EE:00:00:02,-84
BLE,1676582166431416385,DF:DF:EE:00:00:04,-93
BLE,1676582166648829430,DF:DF:EE:00:00:05,-91
BLE,1676582166682367029,DF:DF:EE:00:00:01,-84
BLE,1676582166719987490,DF:DF:EE:00:00:02,-86
BLE,1676582166935494602,DF:DF:EE:00:00:03,-86
BLE,1676582166972531862,DF:DF:EE:00:00:04,-93
BLE,1676582167173373251,DF:DF:EE:00:00:02,-85
BLE,1676582167661329097,DF:DF:EE:00:00:05,-91
BLE,1676582167674698504,DF:DF:EE:00:00:01,-84
BLE,1676582167715694587,DF:DF:EE:00:00:02,-86
BLE,1676582167932273226,DF:DF:EE:00:00:03,-94
BLE,1676582168177813191,DF:DF:EE:00:00:02,-83
BLE,1676582168436810645,DF:DF:EE:00:00:04,-95
BLE,1676582168672605322,DF:DF:EE:00:00:05,-92
BLE,1676582168674880917,DF:DF:EE:00:00:01,-76
BLE,1676582168718146304,DF:DF:EE:00:00:02,-83
BLE,1676582168933254546,DF:DF:EE:00:00:03,-87
BLE,1676582168973125936,DF:DF:EE:00:00:04,-92
BLE,1676582169175272349,DF:DF:EE:00:00:02,-86
BLE,1676582169431861709,DF:DF:EE:00:00:04,-95
BLE,1676582169681842282,DF:DF:EE:00:00:01,-61
BLE,1676582169687596414,DF:DF:EE:00:00:05,-91
BLE,1676582169938641223,DF:DF:EE:00:00:03,-86
BLE,1676582170440253889,DF:DF:EE:00:00:04,-94
BLE,1676582170677111635,DF:DF:EE:00:00:01,-76
BLE,1676582170721344217,DF:DF:EE:00:00:02,-83
BLE,1676582170930683160,DF:DF:EE:00:00:03,-85
BLE,1676582170974964534,DF:DF:EE:00:00:04,-98
BLE,1676582171176942366,DF:DF:EE:00:00:02,-86
BLE,1676582171440664007,DF:DF:EE:00:00:04,-100
BLE,1676582171673604763,DF:DF:EE:00:00:01,-78
BLE,1676582171712574249,DF:DF:EE:00:00:05,-91
BLE,1676582171718641294,DF:DF:EE:00:00:02,-86
BLE,1676582171933535538,DF:DF:EE:00:00:03,-92
BLE,1676582171971997655,DF:DF:EE:00:00:04,-94
BLE,1676582172181061685,DF:DF:EE:00:00:02,-83
BLE,1676582172676559807,DF:DF:EE:00:00:01,-76
BLE,1676582172710649148,DF:DF:EE:00:00:02,-86
BLE,1676582172930747074,DF:DF:EE:00:00:03,-85
BLE,1676582172975783729,DF:DF:EE:00:00:04,-93
BLE,1676582173432625444,DF:DF:EE:00:00:04,-95
BLE,1676582173720136563,DF:DF:EE:00:00:02,-85
BLE,1676582173939425875,DF:DF:EE:00:00:03,-94
BLE,1676582173974543619,DF:DF:EE:00:00:04,-94
BLE,1676582174180742187,DF:DF:EE:00:00:02,-93
BLE,1676582174674483457,DF:DF:EE:00:00:01,-85
BLE,1676582174718826829,DF:DF:EE:00:00:02,-92
BLE,1676582174932183719,DF:DF:EE:00:00:03,-86
BLE,1676582174977213666,DF:DF:EE:00:00:04,-95
BLE,1676582175432654983,DF:DF:EE:00:00:04,-93
BLE,1676582175676111309,DF:DF:EE:00:00:01,-78
BLE,1676582175720112478,DF:DF:EE:00:00:02,-75
BLE,1676582175930752487,DF:DF:EE:00:00:03,-86
BLE,1676582175973194843,DF:DF:EE:00:00:04,-92
BLE,1676582176179976487,DF:DF:EE:00:00:02,-92
BLE,1676582176677519998,DF:DF:EE:00:00:01,-85
BLE,1676582176711757795,DF:DF:EE:00:00:02,-86
BLE,1676582176936158623,DF:DF:EE:00:00:03,-85
BLE,1676582177175366505,DF:DF:EE:00:00:02,-83
BLE,1676582177434632955,DF:DF:EE:00:00:04,-92
BLE,1676582177714898378,DF:DF:EE:00:00:02,-83
BLE,1676582177931968094,DF:DF:EE:00:00:03,-87
BLE,1676582177970725248,DF:DF:EE:00:00:04,-83
BLE,1676582178179896860,DF:DF:EE:00:00:02,-93
BLE,1676582178678949060,DF:DF:EE:00:00:01,-85
BLE,1676582178713891348,DF:DF:EE:00:00:02,-86
BLE,1676582178797517035,DF:DF:EE:00:00:05,-92
BLE,1676582178932268838,DF:DF:EE:00:00:03,-93
BLE,1676582178972477516,DF:DF:EE:00:00:04,-95
BLE,1676582179177046313,DF:DF:EE:00:00:02,-83
BLE,1676582179440166046,DF:DF:EE:00:00:04,-95
BLE,1676582179712597072,DF:DF:EE:00:00:02,-82
BLE,1676582179803803076,DF:DF:EE:00:00:05,-94
BLE,1676582179929569040,DF:DF:EE:00:00:03,-85
BLE,1676582179977665279,DF:DF:EE:00:00:04,-93
BLE,1676582180430126511,DF:DF:EE:00:00:04,-94
BLE,1676582180674457908,DF:DF:EE:00:00:01,-79
BLE,1676582180812522585,DF:DF:EE:00:00:05,-94
BLE,1676582180973336169,DF:DF:EE:00:00:04,-93
BLE,1676582181179923273,DF:DF:EE:00:00:02,-83
BLE,1676582181677883820,DF:DF:EE:00:00:01,-76
BLE,1676582181712770401,DF:DF:EE:00:00:02,-92
BLE,1676582181822541784,DF:DF:EE:00:00:05,-93
BLE,1676582181932886827,DF:DF:EE:00:00:03,-86
BLE,1676582181977515779,DF:DF:EE:00:00:04,-92
BLE,1676582182173825186,DF:DF:EE:00:00:02,-84
BLE,1676582182679661004,DF:DF:EE:00:00:01,-74
BLE,1676582182714514960,DF:DF:EE:00:00:02,-84
BLE,1676582182831445416,DF:DF:EE:00:00:05,-94
BLE,1676582182939079535,DF:DF:EE:00:00:03,-94
BLE,1676582182974624191,DF:DF:EE:00:00:04,-95
BLE,1676582183178398749,DF:DF:EE:00:00:02,-92
BLE,1676582183674350406,DF:DF:EE:00:00:01,-86
BLE,1676582183718868777,DF:DF:EE:00:00:02,-93
BLE,1676582183933027448,DF:DF:EE:00:00:03,-85
BLE,1676582184678367435,DF:DF:EE:00:00:01,-78
BLE,1676582184713773926,DF:DF:EE:00:00:02,-83
BLE,1676582184939811690,DF:DF:EE:00:00:03,-93
BLE,1676582184967756404,DF:DF:EE:00:00:04,-93
BLE,1676582185175130665,DF:DF:EE:00:00:02,-85
BLE,1676582185675590513,DF:DF:EE:00:00:01,-85
BLE,1676582186180226388,DF:DF:EE:00:00:02,-83
BLE,1676582186430925243,DF:DF:EE:00:00:04,-93
BLE,1676582186673420582,DF:DF:EE:00:00:01,-76
BLE,1676582186716306599,DF:DF:EE:00:00:02,-84
BLE,1676582186877584801,DF:DF:EE:00:00:05,-91
BLE,1676582186933868683,DF:DF:EE:00:00:03,-87
BLE,1676582186971815473,DF:DF:EE:00:00:04,-94
BLE,1676582187678485347,DF:DF:EE:00:00:01,-85
BLE,1676582188172258283,DF:DF:EE:00:00:02,-92
BLE,1676582188438724471,DF:DF:EE:00:00:04,-93
BLE,1676582188677803271,DF:DF:EE:00:00:01,-77
BLE,1676582188720565998,DF:DF:EE:00:00:02,-84
BLE,1676582188901538274,DF:DF:EE:00:00:05,-90
BLE,1676582188937232761,DF:DF:EE:00:00:03,-86
BLE,1676582189179803724,DF:DF:EE:00:00:02,-85
BLE,1676582189435217891,DF:DF:EE:00:00:04,-95
BLE,1676582189671944514,DF:DF:EE:00:00:01,-78
BLE,1676582189712299356,DF:DF:EE:00:00:02,-84
BLE,1676582189913865527,DF:DF:EE:00:00:05,-77
BLE,1676582189929654152,DF:DF:EE:00:00:03,-76
BLE,1676582189971017397,DF:DF:EE:00:00:04,-95
BLE,1676582190176208603,DF:DF:EE:00:00:02,-92
BLE,1676582190675706963,DF:DF:EE:00:00:01,-77
BLE,1676582190710482087,DF:DF:EE:00:00:02,-87
BLE,1676582190925143877,DF:DF:EE:00:00:05,-90
BLE,1676582191177657875,DF:DF:EE:00:00:02,-76
BLE,1676582191438427138,DF:DF:EE:00:00:04,-95
BLE,1676582191677614062,DF:DF:EE:00:00:01,-78
BLE,1676582191936362102,DF:DF:EE:00:00:05,-91
BLE,1676582191973515820,DF:DF:EE:00:00:04,-93
BLE,1676582192171419956,DF:DF:EE:00:00:02,-86
BLE,1676582192682895783,DF:DF:EE:00:00:01,-75
BLE,1676582192933669554,DF:DF:EE:00:00:03,-87
BLE,1676582192947883991,DF:DF:EE:00:00:05,-90
BLE,1676582193177027089,DF:DF:EE:00:00:02,-84
BLE,1676582193436570869,DF:DF:EE:00:00:04,-85
BLE,1676582193718439645,DF:DF:EE:00:00:02,-83
BLE,1676582193938177076,DF:DF:EE:00:00:03,-95
BLE,1676582193953895494,DF:DF:EE:00:00:05,-93
BLE,1676582193974769676,DF:DF:EE:00:00:04,-94
BLE,1676582194173948462,DF:DF:EE:00:00:02,-85
BLE,1676582194672341462,DF:DF:EE:00:00:01,-85
BLE,1676582194713254421,DF:DF:EE:00:00:02,-86
BLE,1676582194935534985,DF:DF:EE:00:00:03,-85
BLE,1676582194966490118,DF:DF:EE:00:00:05,-94
BLE,1676582195435363757,DF:DF:EE:00:00:04,-94
BLE,1676582195714555653,DF:DF:EE:00:00:02,-83
BLE,1676582195939756303,DF:DF:EE:00:00:03,-93
BLE,1676582195971739839,DF:DF:EE:00:00:04,-94
BLE,1676582195977668344,DF:DF:EE:00:00:05,-93
BLE,1676582196173522007,DF:DF:EE:00:00:02,-85
BLE,1676582196935281611,DF:DF:EE:00:00:03,-94
BLE,1676582196973280151,DF:DF:EE:00:00:04,-94
BLE,1676582196982662985,DF:DF:EE:00:00:05,-93
BLE,1676582197172714683,DF:DF:EE:00:00:02,-92
BLE,1676582197435097592,DF:DF:EE:00:00:04,-93
BLE,1676582197711949768,DF:DF:EE:00:00:02,-92
BLE,1676582197935120612,DF:DF:EE:00:00:03,-87
BLE,1676582197992493021,DF:DF:EE:00:00:05,-91
BLE,1676582198176501298,DF:DF:EE:00:00:02,-86
BLE,1676582198675225835,DF:DF:EE:00:00:01,-80
BLE,1676582198717416445,DF:DF:EE:00:00:02,-86
BLE,1676582198967785013,DF:DF:EE:00:00:04,-82
BLE,1676582199004961813,DF:DF:EE:00:00:05,-92
BLE,1676582199176252092,DF:DF:EE:00:00:02,-93
BLE,1676582199435364086,DF:DF:EE:00:00:04,-92
BLE,1676582199672833449,DF:DF:EE:00:00:01,-85
BLE,1676582199712737505,DF:DF:EE:00:00:02,-91
BLE,1676582199938540106,DF:DF:EE:00:00:03,-87
BLE,1676582200430614023,DF:DF:EE:00:00:04,-94
BLE,1676582200676640689,DF:DF:EE:00:00:01,-80
BLE,1676582200939419510,DF:DF:EE:00:00:03,-93
BLE,1676582200970819345,DF:DF:EE:00:00:04,-92
BLE,1676582201033898637,DF:DF:EE:00:00:05,-95
BLE,1676582201171756483,DF:DF:EE:00:00:02,-85
BLE,1676582201679436818,DF:DF:EE:00:00:01,-76
BLE,1676582201719904617,DF:DF:EE:00:00:02,-92
BLE,1676582201936311550,DF:DF:EE:00:00:03,-86
BLE,1676582202174203616,DF:DF:EE:00:00:02,-84
BLE,1676582202937887111,DF:DF:EE:00:00:03,-95
BLE,1676582202974939372,DF:DF:EE:00:00:04,-96
BLE,1676582203181352812,DF:DF:EE:00:00:02,-92
BLE,1676582203680671091,DF:DF:EE:00:00:01,-76
BLE,1676582203714385479,DF:DF:EE:00:00:02,-86
BLE,1676582203936806999,DF:DF:EE:00:00:03,-85
BLE,1676582204067431940,DF:DF:EE:00:00:05,-91
BLE,1676582204180639612,DF:DF:EE:00:00:02,-83
BLE,1676582204434585007,DF:DF:EE:00:00:04,-93
BLE,1676582204680363511,DF:DF:EE:00:00:01,-79
BLE,1676582204713087037,DF:DF:EE:00:00:02,-92
BLE,1676582204928191529,DF:DF:EE:00:00:03,-84
BLE,1676582204975741942,DF:DF:EE:00:00:04,-93
BLE,1676582205078805581,DF:DF:EE:00:00:05,-90
BLE,1676582205432503283,DF:DF:EE:00:00:04,-95
BLE,1676582205671892830,DF:DF:EE:00:00:01,-79
BLE,1676582205968716992,DF:DF:EE:00:00:04,-97
BLE,1676582206092476399,DF:DF:EE:00:00:05,-90
BLE,1676582206433610601,DF:DF:EE:00:00:04,-92
BLE,1676582206718305757,DF:DF:EE:00:00:02,-84
BLE,1676582206928007029,DF:DF:EE:00:00:03,-85
BLE,1676582206972511024,DF:DF:EE:00:00:04,-93
BLE,1676582207100048048,DF:DF:EE:00:00:05,-91
BLE,1676582207680946208,DF:DF:EE:00:00:01,-85
BLE,1676582207968121831,DF:DF:EE:00:00:04,-94
BLE,1676582208108795598,DF:DF:EE:00:00:05,-94
BLE,1676582208180985186,DF:DF:EE:00:00:02,-85
BLE,1676582208437270092,DF:DF:EE:00:00:04,-94
BLE,1676582208675587611,DF:DF:EE:00:00:01,-76
BLE,1676582208713775440,DF:DF:EE:00:00:02,-92
BLE,1676582208931729477,DF:DF:EE:00:00:03,-85
BLE,1676582209122502415,DF:DF:EE:00:00:05,-94
BLE,1676582209174172858,DF:DF:EE:00:00:02,-83
BLE,1676582209428894576,DF:DF:EE:00:00:04,-94
BLE,1676582209677925329,DF:DF:EE:00:00:01,-78
BLE,1676582209931847224,DF:DF:EE:00:00:03,-87
BLE,1676582209967712792,DF:DF:EE:00:00:04,-92
BLE,1676582210132556990,DF:DF:EE:00:00:05,-94
BLE,1676582210176879113,DF:DF:EE:00:00:02,-93
BLE,1676582210675839938,DF:DF:EE:00:00:01,-85
BLE,1676582210711937461,DF:DF:EE:00:00:02,-85
BLE,1676582210937779811,DF:DF:EE:00:00:03,-85
BLE,1676582211138793865,DF:DF:EE:00:00:05,-92
BLE,1676582211175034511,DF:DF:EE:00:00:02,-84
BLE,1676582211429367693,DF:DF:EE:00:00:04,-93
BLE,1676582211678560109,DF:DF:EE:00:00:01,-78
BLE,1676582211939410580,DF:DF:EE:00:00:03,-94
BLE,1676582211968191867,DF:DF:EE:00:00:04,-82
BLE,1676582212151319865,DF:DF:EE:00:00:05,-83
BLE,1676582212173112952,DF:DF:EE:00:00:02,-76
BLE,1676582212681729108,DF:DF:EE:00:00:01,-62
BLE,1676582212719120406,DF:DF:EE:00:00:02,-81
BLE,1676582212968191866,DF:DF:EE:00:00:04,-81
BLE,1676582213165436302,DF:DF:EE:00:00:05,-84
BLE,1676582213675192652,DF:DF:EE:00:00:01,-61
BLE,1676582213720220390,DF:DF:EE:00:00:02,-84
BLE,1676582213931327852,DF:DF:EE:00:00:03,-86
BLE,1676582213974435449,DF:DF:EE:00:00:04,-84
BLE,1676582214175137964,DF:DF:EE:00:00:05,-85
BLE,1676582214671912610,DF:DF:EE:00:00:01,-65
BLE,1676582214930859232,DF:DF:EE:00:00:03,-94
BLE,1676582214972593264,DF:DF:EE:00:00:04,-84
BLE,1676582215178931246,DF:DF:EE:00:00:02,-69
BLE,1676582215186309024,DF:DF:EE:00:00:05,-83
BLE,1676582215434441996,DF:DF:EE:00:00:04,-94
BLE,1676582215674347994,DF:DF:EE:00:00:01,-76
BLE,1676582215711097300,DF:DF:EE:00:00:02,-81
BLE,1676582215935170715,DF:DF:EE:00:00:03,-76
BLE,1676582216179146742,DF:DF:EE:00:00:02,-85
BLE,1676582216427987664,DF:DF:EE:00:00:04,-92
BLE,1676582216671996399,DF:DF:EE:00:00:01,-79
BLE,1676582216935573959,DF:DF:EE:00:00:03,-94
BLE,1676582216976079882,DF:DF:EE:00:00:04,-95
BLE,1676582217178079130,DF:DF:EE:00:00:02,-92
BLE,1676582217673689083,DF:DF:EE:00:00:01,-85
BLE,1676582217933605150,DF:DF:EE:00:00:03,-85
BLE,1676582218175953615,DF:DF:EE:00:00:02,-84
BLE,1676582218222405502,DF:DF:EE:00:00:05,-94
BLE,1676582218428816067,DF:DF:EE:00:00:04,-92
BLE,1676582218681085901,DF:DF:EE:00:00:01,-86
BLE,1676582218935819995,DF:DF:EE:00:00:03,-93
BLE,1676582218968118568,DF:DF:EE:00:00:04,-93
BLE,1676582219176503815,DF:DF:EE:00:00:02,-81
BLE,1676582219236137736,DF:DF:EE:00:00:05,-84
BLE,1676582219679462088,DF:DF:EE:00:00:01,-62
BLE,1676582219718006537,DF:DF:EE:00:00:02,-82
BLE,1676582219934392762,DF:DF:EE:00:00:03,-85
BLE,1676582220251134495,DF:DF:EE:00:00:05,-84
BLE,1676582220428571734,DF:DF:EE:00:00:04,-93
BLE,1676582220677124368,DF:DF:EE:00:00:01,-66
BLE,1676582220715952688,DF:DF:EE:00:00:02,-84
BLE,1676582220935668161,DF:DF:EE:00:00:03,-73
BLE,1676582221173170107,DF:DF:EE:00:00:02,-75
BLE,1676582221264878937,DF:DF:EE:00:00:05,-94
BLE,1676582221673554872,DF:DF:EE:00:00:01,-85
BLE,1676582221714429666,DF:DF:EE:00:00:02,-85
BLE,1676582221936489982,DF:DF:EE:00:00:03,-84
BLE,1676582222278559589,DF:DF:EE:00:00:05,-93
BLE,1676582222434798650,DF:DF:EE:00:00:04,-93
BLE,1676582222718867731,DF:DF:EE:00:00:02,-84
BLE,1676582222928053384,DF:DF:EE:00:00:03,-74
BLE,1676582222974010485,DF:DF:EE:00:00:04,-94
BLE,1676582223173347186,DF:DF:EE:00:00:02,-86
BLE,1676582223432662969,DF:DF:EE:00:00:04,-94
BLE,1676582223677816272,DF:DF:EE:00:00:01,-85
BLE,1676582223713647590,DF:DF:EE:00:00:02,-85
BLE,1676582223932734696,DF:DF:EE:00:00:03,-93
BLE,1676582223972926540,DF:DF:EE:00:00:04,-93
BLE,1676582224172809233,DF:DF:EE:00:00:02,-93
BLE,1676582224675074765,DF:DF:EE:00:00:01,-77
BLE,1676582224721857522,DF:DF:EE:00:00:02,-84
BLE,1676582225179073566,DF:DF:EE:00:00:02,-87
BLE,1676582225306043972,DF:DF:EE:00:00:05,-76
BLE,1676582225433310666,DF:DF:EE:00:00:04,-83
BLE,1676582225680579108,DF:DF:EE:00:00:01,-85
BLE,1676582225716200679,DF:DF:EE:00:00:02,-75
BLE,1676582225929991355,DF:DF:EE:00:00:03,-77
BLE,1676582226174684789,DF:DF:EE:00:00:02,-81
BLE,1676582226316038047,DF:DF:EE:00:00:05,-75
BLE,1676582226676205956,DF:DF:EE:00:00:01,-77
BLE,1676582226721699272,DF:DF:EE:00:00:02,-84
BLE,1676582227326075039,DF:DF:EE:00:00:05,-94
BLE,1676582227435876005,DF:DF:EE:00:00:04,-95
BLE,1676582227680629355,DF:DF:EE:00:00:01,-85
BLE,1676582227719397385,DF:DF:EE:00:00:02,-86
BLE,1676582227932926606,DF:DF:EE:00:00:03,-88
BLE,1676582227974761095,DF:DF:EE:00:00:04,-96
BLE,1676582228170758089,DF:DF:EE:00:00:02,-86
BLE,1676582228334794464,DF:DF:EE:00:00:05,-93
BLE,1676582228673653571,DF:DF:EE:00:00:01,-85
BLE,1676582228713361255,DF:DF:EE:00:00:02,-86
BLE,1676582229179039853,DF:DF:EE:00:00:02,-83
BLE,1676582229348539406,DF:DF:EE:00:00:05,-95
BLE,1676582229437166652,DF:DF:EE:00:00:04,-95
BLE,1676582229927844379,DF:DF:EE:00:00:03,-85
BLE,1676582229971584009,DF:DF:EE:00:00:04,-94
BLE,1676582230363559040,DF:DF:EE:00:00:05,-94
BLE,1676582230428625972,DF:DF:EE:00:00:04,-95
BLE,1676582230675911080,DF:DF:EE:00:00:01,-86
BLE,1676582230711946355,DF:DF:EE:00:00:02,-85
BLE,1676582230936754218,DF:DF:EE:00:00:03,-85
BLE,1676582231373479199,DF:DF:EE:00:00:05,-93
BLE,1676582231675168922,DF:DF:EE:00:00:01,-76
BLE,1676582231720857319,DF:DF:EE:00:00:02,-83
BLE,1676582231932959934,DF:DF:EE:00:00:03,-87
BLE,1676582232173572339,DF:DF:EE:00:00:02,-85
BLE,1676582232391028466,DF:DF:EE:00:00:05,-91
BLE,1676582232671109100,DF:DF:EE:00:00:01,-78
BLE,1676582232936057350,DF:DF:EE:00:00:03,-95
BLE,1676582232973601521,DF:DF:EE:00:00:04,-94
BLE,1676582233180098418,DF:DF:EE:00:00:02,-83
BLE,1676582233403902295,DF:DF:EE:00:00:05,-89
BLE,1676582233434366351,DF:DF:EE:00:00:04,-93
BLE,1676582233719335045,DF:DF:EE:00:00:02,-84
BLE,1676582233934238081,DF:DF:EE:00:00:03,-86
BLE,1676582233935830477,DF:DF:EE:00:00:03,-86
BLE,1676582234416045259,DF:DF:EE:00:00:05,-89
BLE,1676582234432047839,DF:DF:EE:00:00:04,-95
BLE,1676582234672646827,DF:DF:EE:00:00:01,-78
BLE,1676582234715965047,DF:DF:EE:00:00:02,-83
BLE,1676582234938060321,DF:DF:EE:00:00:03,-94
BLE,1676582235177121747,DF:DF:EE:00:00:02,-92
BLE,1676582235428543926,DF:DF:EE:00:00:05,-91
BLE,1676582235673201069,DF:DF:EE:00:00:01,-85
BLE,1676582236176009469,DF:DF:EE:00:00:02,-83
BLE,1676582236436120408,DF:DF:EE:00:00:04,-94
BLE,1676582236441038134,DF:DF:EE:00:00:05,-74
BLE,1676582236680481471,DF:DF:EE:00:00:01,-85
BLE,1676582236971183923,DF:DF:EE:00:00:04,-94
BLE,1676582237172029020,DF:DF:EE:00:00:02,-87
BLE,1676582237454780952,DF:DF:EE:00:00:05,-90
BLE,1676582237681289918,DF:DF:EE:00:00:01,-77
BLE,1676582237714008527,DF:DF:EE:00:00:02,-85
BLE,1676582237967565261,DF:DF:EE:00:00:04,-95
BLE,1676582238174550986,DF:DF:EE:00:00:02,-84
BLE,1676582238433299109,DF:DF:EE:00:00:04,-93
BLE,1676582238463566334,DF:DF:EE:00:00:05,-93
BLE,1676582238928001199,DF:DF:EE:00:00:03,-85
BLE,1676582238976465851,DF:DF:EE:00:00:04,-94
BLE,1676582239176841371,DF:DF:EE:00:00:02,-85
BLE,1676582239429635448,DF:DF:EE:00:00:04,-96
BLE,1676582239481026019,DF:DF:EE:00:00:05,-90
BLE,1676582239677325676,DF:DF:EE:00:00:01,-85
BLE,1676582239713641113,DF:DF:EE:00:00:02,-87
BLE,1676582239934247491,DF:DF:EE:00:00:03,-94
BLE,1676582239967294971,DF:DF:EE:00:00:04,-93
BLE,1676582240175505971,DF:DF:EE:00:00:02,-84
BLE,1676582240493545644,DF:DF:EE:00:00:05,-90
BLE,1676582240717771766,DF:DF:EE:00:00:02,-84
BLE,1676582240934344613,DF:DF:EE:00:00:03,-87
BLE,1676582241428668875,DF:DF:EE:00:00:04,-95
BLE,1676582241503747758,DF:DF:EE:00:00:05,-89
BLE,1676582241672419697,DF:DF:EE:00:00:01,-79
BLE,1676582241931164821,DF:DF:EE:00:00:03,-95
BLE,1676582241971844742,DF:DF:EE:00:00:04,-93
BLE,1676582242173465995,DF:DF:EE:00:00:02,-92
BLE,1676582242517693698,DF:DF:EE:00:00:05,-91
BLE,1676582242677317048,DF:DF:EE:00:00:01,-76
BLE,1676582242718229091,DF:DF:EE:00:00:02,-85
BLE,1676582243524910227,DF:DF:EE:00:00:05,-94
BLE,1676582243675570320,DF:DF:EE:00:00:01,-79
BLE,1676582243718140716,DF:DF:EE:00:00:02,-72
BLE,1676582243933625244,DF:DF:EE:00:00:03,-96
BLE,1676582243976043559,DF:DF:EE:00:00:04,-93
BLE,1676582244173400869,DF:DF:EE:00:00:02,-92
BLE,1676582244529890368,DF:DF:EE:00:00:05,-94
BLE,1676582244709972781,DF:DF:EE:00:00:02,-86
BLE,1676582245174901098,DF:DF:EE:00:00:02,-83
BLE,1676582245426961934,DF:DF:EE:00:00:04,-92
BLE,1676582245542405991,DF:DF:EE:00:00:05,-83
BLE,1676582245673413010,DF:DF:EE:00:00:01,-66
BLE,1676582245934068439,DF:DF:EE:00:00:03,-75
BLE,1676582246179169491,DF:DF:EE:00:00:02,-78
BLE,1676582246427522958,DF:DF:EE:00:00:04,-84
BLE,1676582246681168439,DF:DF:EE:00:00:01,-61
BLE,1676582246710971503,DF:DF:EE:00:00:02,-72
BLE,1676582246933624310,DF:DF:EE:00:00:03,-71
BLE,1676582246968757762,DF:DF:EE:00:00:04,-95
BLE,1676582247176525641,DF:DF:EE:00:00:02,-84
BLE,1676582247576154400,DF:DF:EE:00:00:05,-94
BLE,1676582247676247035,DF:DF:EE:00:00:01,-79
BLE,1676582247711683317,DF:DF:EE:00:00:02,-82
BLE,1676582247928791988,DF:DF:EE:00:00:03,-84
BLE,1676582247968590004,DF:DF:EE:00:00:04,-93
BLE,1676582248181316067,DF:DF:EE:00:00:02,-92
BLE,1676582248588654349,DF:DF:EE:00:00:05,-93
BLE,1676582248674000179,DF:DF:EE:00:00:01,-85
BLE,1676582248710655945,DF:DF:EE:00:00:02,-87
BLE,1676582248968323289,DF:DF:EE:00:00:04,-94
BLE,1676582249174162443,DF:DF:EE:00:00:02,-92
BLE,1676582249598648790,DF:DF:EE:00:00:05,-93
BLE,1676582249678817106,DF:DF:EE:00:00:01,-79
BLE,1676582249975028857,DF:DF:EE:00:00:04,-94
BLE,1676582250426693970,DF:DF:EE:00:00:04,-94
BLE,1676582250604879739,DF:DF:EE:00:00:05,-94
BLE,1676582250672035727,DF:DF:EE:00:00:01,-78
BLE,1676582250936899434,DF:DF:EE:00:00:03,-95
BLE,1676582250966456376,DF:DF:EE:00:00:04,-95
BLE,1676582251677765016,DF:DF:EE:00:00:01,-76
BLE,1676582251714960357,DF:DF:EE:00:00:02,-92
BLE,1676582251929180401,DF:DF:EE:00:00:03,-85
BLE,1676582252434928340,DF:DF:EE:00:00:04,-94
BLE,1676582252622558694,DF:DF:EE:00:00:05,-90
BLE,1676582252675055875,DF:DF:EE:00:00:01,-78
BLE,1676582252931840022,DF:DF:EE:00:00:03,-87
BLE,1676582252971833702,DF:DF:EE:00:00:04,-94
BLE,1676582253182587249,DF:DF:EE:00:00:02,-83
BLE,1676582253636294085,DF:DF:EE:00:00:05,-90
BLE,1676582253681427905,DF:DF:EE:00:00:01,-76
BLE,1676582253719227239,DF:DF:EE:00:00:02,-92
BLE,1676582253720806426,DF:DF:EE:00:00:02,-84
BLE,1676582253933790778,DF:DF:EE:00:00:03,-85
BLE,1676582254429982719,DF:DF:EE:00:00:04,-91
BLE,1676582254644926627,DF:DF:EE:00:00:05,-92
BLE,1676582254673598290,DF:DF:EE:00:00:01,-80
BLE,1676582254716691887,DF:DF:EE:00:00:02,-85
BLE,1676582254927142605,DF:DF:EE:00:00:03,-85
BLE,1676582254966241088,DF:DF:EE:00:00:04,-93
BLE,1676582255428310856,DF:DF:EE:00:00:04,-96
BLE,1676582255657424744,DF:DF:EE:00:00:05,-91
BLE,1676582255672656042,DF:DF:EE:00:00:01,-86
BLE,1676582255713910122,DF:DF:EE:00:00:02,-85
BLE,1676582255933925797,DF:DF:EE:00:00:03,-86
BLE,1676582256176550132,DF:DF:EE:00:00:02,-83
BLE,1676582256430083113,DF:DF:EE:00:00:04,-93
BLE,1676582256669948859,DF:DF:EE:00:00:05,-92
BLE,1676582256715889669,DF:DF:EE:00:00:02,-84
BLE,1676582256932509222,DF:DF:EE:00:00:03,-87
BLE,1676582256971551539,DF:DF:EE:00:00:04,-94
BLE,1676582257173105125,DF:DF:EE:00:00:02,-86
BLE,1676582257682472225,DF:DF:EE:00:00:01,-76
BLE,1676582257710941557,DF:DF:EE:00:00:02,-85
BLE,1676582257932474087,DF:DF:EE:00:00:03,-94
BLE,1676582257969024063,DF:DF:EE:00:00:04,-95
BLE,1676582258178877080,DF:DF:EE:00:00:02,-83
BLE,1676582258674396072,DF:DF:EE:00:00:01,-77
BLE,1676582258687437691,DF:DF:EE:00:00:05,-93
BLE,1676582258713299808,DF:DF:EE:00:00:02,-93
BLE,1676582258936396025,DF:DF:EE:00:00:03,-87
BLE,1676582259429096637,DF:DF:EE:00:00:04,-95
BLE,1676582259680979350,DF:DF:EE:00:00:01,-86
BLE,1676582259696009734,DF:DF:EE:00:00:05,-95
BLE,1676582259934312709,DF:DF:EE:00:00:03,-94
BLE,1676582259965299383,DF:DF:EE:00:00:04,-94
BLE,1676582260435431085,DF:DF:EE:00:00:04,-92
BLE,1676582260675418163,DF:DF:EE:00:00:01,-76
BLE,1676582260712431799,DF:DF:EE:00:00:05,-84
BLE,1676582260719759327,DF:DF:EE:00:00:02,-84
BLE,1676582261432874900,DF:DF:EE:00:00:04,-96
BLE,1676582261672720230,DF:DF:EE:00:00:01,-80
BLE,1676582261714699800,DF:DF:EE:00:00:02,-84
BLE,1676582261727413299,DF:DF:EE:00:00:05,-93
BLE,1676582261931922095,DF:DF:EE:00:00:03,-86
BLE,1676582261967830454,DF:DF:EE:00:00:04,-93
BLE,1676582262677805903,DF:DF:EE:00:00:01,-76
BLE,1676582262714534959,DF:DF:EE:00:00:02,-93
BLE,1676582263434006448,DF:DF:EE:00:00:04,-94
BLE,1676582263677768018,DF:DF:EE:00:00:01,-78
BLE,1676582263748608040,DF:DF:EE:00:00:05,-94
BLE,1676582263934796912,DF:DF:EE:00:00:03,-87
BLE,1676582263966483076,DF:DF:EE:00:00:04,-94
BLE,1676582264178808936,DF:DF:EE:00:00:02,-92
BLE,1676582264675228333,DF:DF:EE:00:00:01,-85
BLE,1676582264716525287,DF:DF:EE:00:00:02,-93
BLE,1676582264761149197,DF:DF:EE:00:00:05,-92
BLE,1676582264928163031,DF:DF:EE:00:00:03,-96
BLE,1676582264967864215,DF:DF:EE:00:00:04,-93
BLE,1676582265175968630,DF:DF:EE:00:00:02,-84
BLE,1676582265433251396,DF:DF:EE:00:00:04,-93
BLE,1676582265678131993,DF:DF:EE:00:00:01,-79
BLE,1676582265773617689,DF:DF:EE:00:00:05,-94
BLE,1676582265932386173,DF:DF:EE:00:00:03,-86
BLE,1676582266178536461,DF:DF:EE:00:00:02,-92
BLE,1676582266428949235,DF:DF:EE:00:00:04,-94
BLE,1676582266679445132,DF:DF:EE:00:00:01,-86
BLE,1676582266779854763,DF:DF:EE:00:00:05,-93
BLE,1676582266931977544,DF:DF:EE:00:00:03,-94
BLE,1676582267179256525,DF:DF:EE:00:00:02,-84
BLE,1676582267679792700,DF:DF:EE:00:00:01,-69
BLE,1676582267718830476,DF:DF:EE:00:00:02,-72
BLE,1676582267794859846,DF:DF:EE:00:00:05,-82
BLE,1676582267929705397,DF:DF:EE:00:00:03,-86
BLE,1676582267972861868,DF:DF:EE:00:00:04,-84
BLE,1676582268177385539,DF:DF:EE:00:00:02,-75
BLE,1676582268426543912,DF:DF:EE:00:00:04,-83
BLE,1676582268678958451,DF:DF:EE:00:00:01,-71
BLE,1676582268812350354,DF:DF:EE:00:00:05,-84
BLE,1676582268931573820,DF:DF:EE:00:00:03,-95
BLE,1676582268969053616,DF:DF:EE:00:00:04,-83
BLE,1676582269176572331,DF:DF:EE:00:00:02,-81
BLE,1676582269678330866,DF:DF:EE:00:00:01,-77
BLE,1676582269712875909,DF:DF:EE:00:00:02,-92
BLE,1676582269817345611,DF:DF:EE:00:00:05,-94
BLE,1676582270426579183,DF:DF:EE:00:00:04,-92
BLE,1676582270679262301,DF:DF:EE:00:00:01,-85
BLE,1676582270714118882,DF:DF:EE:00:00:02,-83
BLE,1676582270831080753,DF:DF:EE:00:00:05,-94
BLE,1676582270935577080,DF:DF:EE:00:00:03,-93
BLE,1676582270971246567,DF:DF:EE:00:00:04,-95
BLE,1676582271175369119,DF:DF:EE:00:00:02,-92
BLE,1676582271672199635,DF:DF:EE:00:00:01,-72
BLE,1676582271717870323,DF:DF:EE:00:00:02,-92
BLE,1676582271844826644,DF:DF:EE:00:00:05,-93
BLE,1676582271929507358,DF:DF:EE:00:00:03,-95
BLE,1676582272172932474,DF:DF:EE:00:00:02,-85
BLE,1676582272426822785,DF:DF:EE:00:00:04,-93
BLE,1676582272675754827,DF:DF:EE:00:00:01,-65
BLE,1676582272713641202,DF:DF:EE:00:00:02,-84
BLE,1676582272858543369,DF:DF:EE:00:00:05,-81
BLE,1676582272936753586,DF:DF:EE:00:00:03,-83
BLE,1676582273177673818,DF:DF:EE:00:00:02,-83
BLE,1676582273672101490,DF:DF:EE:00:00:01,-74
BLE,1676582273714604637,DF:DF:EE:00:00:02,-87
BLE,1676582273875397136,DF:DF:EE:00:00:05,-94
BLE,1676582273968220743,DF:DF:EE:00:00:04,-84
BLE,1676582274676613046,DF:DF:EE:00:00:01,-78
BLE,1676582274716844180,DF:DF:EE:00:00:02,-84
BLE,1676582274882418200,DF:DF:EE:00:00:05,-96
BLE,1676582274927944098,DF:DF:EE:00:00:03,-86
BLE,1676582274969341509,DF:DF:EE:00:00:04,-93
BLE,1676582275171178341,DF:DF:EE:00:00:02,-86
BLE,1676582275428673563,DF:DF:EE:00:00:04,-95
BLE,1676582275679958491,DF:DF:EE:00:00:01,-86
BLE,1676582275909910076,DF:DF:EE:00:00:05,-91
BLE,1676582275931261128,DF:DF:EE:00:00:03,-94
BLE,1676582276173909878,DF:DF:EE:00:00:02,-93
BLE,1676582276679183991,DF:DF:EE:00:00:01,-78
BLE,1676582276718988673,DF:DF:EE:00:00:02,-84
BLE,1676582276907375183,DF:DF:EE:00:00:05,-93
BLE,1676582276972809651,DF:DF:EE:00:00:04,-93
BLE,1676582277177499737,DF:DF:EE:00:00:02,-86
BLE,1676582277425265004,DF:DF:EE:00:00:04,-93
BLE,1676582277676697472,DF:DF:EE:00:00:01,-86
BLE,1676582277918637941,DF:DF:EE:00:00:05,-94
BLE,1676582277929252842,DF:DF:EE:00:00:03,-87
BLE,1676582277968946526,DF:DF:EE:00:00:04,-94
BLE,1676582278181147554,DF:DF:EE:00:00:02,-83
BLE,1676582278709338280,DF:DF:EE:00:00:02,-86
BLE,1676582278930522857,DF:DF:EE:00:00:03,-86
BLE,1676582278973750619,DF:DF:EE:00:00:04,-93
BLE,1676582279433827620,DF:DF:EE:00:00:04,-95
BLE,1676582279671372647,DF:DF:EE:00:00:01,-79
BLE,1676582279713084846,DF:DF:EE:00:00:02,-84
BLE,1676582279930042519,DF:DF:EE:00:00:03,-87
BLE,1676582279935976066,DF:DF:EE:00:00:05,-91
BLE,1676582279973768441,DF:DF:EE:00:00:04,-94
BLE,1676582280177792953,DF:DF:EE:00:00:02,-93
BLE,1676582280674611011,DF:DF:EE:00:00:01,-86
BLE,1676582280720126034,DF:DF:EE:00:00:02,-93
BLE,1676582280949661292,DF:DF:EE:00:00:05,-90
BLE,1676582280966310655,DF:DF:EE:00:00:04,-97
BLE,1676582281435161666,DF:DF:EE:00:00:04,-94
BLE,1676582281678131496,DF:DF:EE:00:00:01,-79
BLE,1676582281712031756,DF:DF:EE:00:00:02,-84
BLE,1676582281926551878,DF:DF:EE:00:00:03,-85
BLE,1676582281960970632,DF:DF:EE:00:00:05,-91
BLE,1676582281974174291,DF:DF:EE:00:00:04,-96
BLE,1676582282172234506,DF:DF:EE:00:00:02,-85
BLE,1676582282427218802,DF:DF:EE:00:00:04,-94
BLE,1676582282671913359,DF:DF:EE:00:00:01,-86
BLE,1676582282711528419,DF:DF:EE:00:00:02,-86
BLE,1676582282929382664,DF:DF:EE:00:00:03,-95
BLE,1676582282968532480,DF:DF:EE:00:00:05,-93
BLE,1676582283176901434,DF:DF:EE:00:00:02,-83
BLE,1676582283432704219,DF:DF:EE:00:00:04,-92
BLE,1676582283678821133,DF:DF:EE:00:00:01,-78
BLE,1676582283711644157,DF:DF:EE:00:00:02,-93
BLE,1676582283927213224,DF:DF:EE:00:00:03,-86
BLE,1676582283980970930,DF:DF:EE:00:00:05,-93
BLE,1676582284171950572,DF:DF:EE:00:00:02,-85
BLE,1676582284429682957,DF:DF:EE:00:00:04,-95
BLE,1676582284677682637,DF:DF:EE:00:00:01,-86
BLE,1676582284932854723,DF:DF:EE:00:00:03,-95
BLE,1676582284968530168,DF:DF:EE:00:00:04,-94
BLE,1676582285171033616,DF:DF:EE:00:00:02,-92
BLE,1676582285677060635,DF:DF:EE:00:00:01,-77
BLE,1676582285718623961,DF:DF:EE:00:00:02,-83
BLE,1676582285926726043,DF:DF:EE:00:00:03,-86
BLE,1676582286175744085,DF:DF:EE:00:00:02,-86
BLE,1676582286427540090,DF:DF:EE:00:00:04,-93
BLE,1676582286674788697,DF:DF:EE:00:00:01,-80
BLE,1676582286715749822,DF:DF:EE:00:00:02,-87
BLE,1676582286929433456,DF:DF:EE:00:00:03,-87
BLE,1676582286966921460,DF:DF:EE:00:00:04,-93
BLE,1676582287002244452,DF:DF:EE:00:00:05,-90
BLE,1676582287175127458,DF:DF:EE:00:00:02,-93
BLE,1676582287677956686,DF:DF:EE:00:00:01,-77
BLE,1676582287713189804,DF:DF:EE:00:00:02,-93
BLE,1676582287926919979,DF:DF:EE:00:00:03,-94
BLE,1676582288014724610,DF:DF:EE:00:00:05,-90
BLE,1676582288714555901,DF:DF:EE:00:00:02,-84
BLE,1676582288930751585,DF:DF:EE:00:00:03,-86
BLE,1676582288965171255,DF:DF:EE:00:00:04,-93
BLE,1676582289027231559,DF:DF:EE:00:00:05,-91
BLE,1676582289179670669,DF:DF:EE:00:00:02,-94
BLE,1676582289426964734,DF:DF:EE:00:00:04,-94
BLE,1676582289674525961,DF:DF:EE:00:00:01,-86
BLE,1676582289718282883,DF:DF:EE:00:00:02,-94
BLE,1676582289932107098,DF:DF:EE:00:00:03,-86
BLE,1676582290033410884,DF:DF:EE:00:00:05,-94
BLE,1676582290175911250,DF:DF:EE:00:00:02,-83
BLE,1676582290431349415,DF:DF:EE:00:00:04,-93
BLE,1676582290675187401,DF:DF:EE:00:00:01,-78
BLE,1676582290718653118,DF:DF:EE:00:00:02,-85
BLE,1676582290927337193,DF:DF:EE:00:00:03,-85
BLE,1676582291045993582,DF:DF:EE:00:00:05,-94
BLE,1676582291174233054,DF:DF:EE:00:00:02,-85
BLE,1676582291669836295,DF:DF:EE:00:00:01,-79
BLE,1676582291709494854,DF:DF:EE:00:00:02,-86
BLE,1676582291930702096,DF:DF:EE:00:00:03,-95
BLE,1676582291967422027,DF:DF:EE:00:00:04,-96
BLE,1676582292058372408,DF:DF:EE:00:00:05,-94
BLE,1676582292170832005,DF:DF:EE:00:00:02,-94
BLE,1676582292711961144,DF:DF:EE:00:00:02,-93
BLE,1676582292926981218,DF:DF:EE:00:00:03,-86
BLE,1676582293068421640,DF:DF:EE:00:00:05,-94
BLE,1676582293427752724,DF:DF:EE:00:00:04,-97
BLE,1676582293681825907,DF:DF:EE:00:00:01,-62
BLE,1676582293715821208,DF:DF:EE:00:00:02,-86
BLE,1676582293931527731,DF:DF:EE:00:00:03,-94
BLE,1676582293964353464,DF:DF:EE:00:00:04,-92
BLE,1676582294074663464,DF:DF:EE:00:00:05,-94
BLE,1676582294179869574,DF:DF:EE:00:00:02,-83
BLE,1676582294433062269,DF:DF:EE:00:00:04,-94
BLE,1676582294679515469,DF:DF:EE:00:00:01,-78
BLE,1676582294714280593,DF:DF:EE:00:00:02,-82
BLE,1676582294929403499,DF:DF:EE:00:00:03,-85
BLE,1676582295434503031,DF:DF:EE:00:00:04,-94
BLE,1676582295677099366,DF:DF:EE:00:00:01,-86
BLE,1676582295715920103,DF:DF:EE:00:00:02,-87
BLE,1676582295928436502,DF:DF:EE:00:00:03,-87
BLE,1676582295964966477,DF:DF:EE:00:00:04,-92
BLE,1676582296102211788,DF:DF:EE:00:00:05,-93
BLE,1676582296172005282,DF:DF:EE:00:00:02,-93
BLE,1676582296678124925,DF:DF:EE:00:00:01,-77
BLE,1676582296714561569,DF:DF:EE:00:00:02,-93
BLE,1676582297112210396,DF:DF:EE:00:00:05,-95
BLE,1676582297677145595,DF:DF:EE:00:00:01,-79
BLE,1676582297711516974,DF:DF:EE:00:00:02,-84
BLE,1676582297974327708,DF:DF:EE:00:00:04,-94
BLE,1676582298170316284,DF:DF:EE:00:00:02,-85
BLE,1676582298672834683,DF:DF:EE:00:00:01,-86
BLE,1676582298711354382,DF:DF:EE:00:00:02,-85
BLE,1676582298928997755,DF:DF:EE:00:00:03,-93
BLE,1676582299130908545,DF:DF:EE:00:00:05,-91
BLE,1676582299674035782,DF:DF:EE:00:00:01,-78
BLE,1676582299934628546,DF:DF:EE:00:00:03,-87
BLE,1676582299967123158,DF:DF:EE:00:00:04,-95
BLE,1676582300140886986,DF:DF:EE:00:00:05,-91
BLE,1676582300174034173,DF:DF:EE:00:00:02,-86
BLE,1676582300425674180,DF:DF:EE:00:00:04,-93
BLE,1676582300671890675,DF:DF:EE:00:00:01,-85
BLE,1676582300710997075,DF:DF:EE:00:00:02,-86
BLE,1676582300931833156,DF:DF:EE:00:00:03,-94
BLE,1676582300969771654,DF:DF:EE:00:00:04,-96
BLE,1676582301153324311,DF:DF:EE:00:00:05,-91
BLE,1676582301672952401,DF:DF:EE:00:00:01,-76
BLE,1676582301719663533,DF:DF:EE:00:00:02,-84
BLE,1676582302175895586,DF:DF:EE:00:00:02,-85
BLE,1676582302424126888,DF:DF:EE:00:00:04,-93
BLE,1676582302680429584,DF:DF:EE:00:00:01,-86
BLE,1676582302712198247,DF:DF:EE:00:00:02,-86
BLE,1676582302934071189,DF:DF:EE:00:00:03,-92
BLE,1676582302964231207,DF:DF:EE:00:00:04,-95
BLE,1676582303174947047,DF:DF:EE:00:00:05,-95
BLE,1676582303180980384,DF:DF:EE:00:00:02,-84
BLE,1676582303717879328,DF:DF:EE:00:00:02,-83
BLE,1676582303932340618,DF:DF:EE:00:00:03,-85
BLE,1676582304176690472,DF:DF:EE:00:00:02,-85
BLE,1676582304179725807,DF:DF:EE:00:00:05,-93
BLE,1676582304680353022,DF:DF:EE:00:00:01,-86
BLE,1676582304928041332,DF:DF:EE:00:00:03,-87
BLE,1676582304965968955,DF:DF:EE:00:00:04,-94
BLE,1676582305180517244,DF:DF:EE:00:00:02,-84
BLE,1676582305190891649,DF:DF:EE:00:00:05,-94
BLE,1676582305671822458,DF:DF:EE:00:00:01,-86
BLE,1676582305717691185,DF:DF:EE:00:00:02,-94
BLE,1676582305967307761,DF:DF:EE:00:00:04,-103
BLE,1676582306208442406,DF:DF:EE:00:00:05,-94
BLE,1676582306428463831,DF:DF:EE:00:00:04,-93
BLE,1676582306712961112,DF:DF:EE:00:00:02,-84
BLE,1676582306927247530,DF:DF:EE:00:00:03,-87
BLE,1676582306964523912,DF:DF:EE:00:00:04,-94
BLE,1676582307172703702,DF:DF:EE:00:00:02,-86
BLE,1676582307224710890,DF:DF:EE:00:00:05,-94
BLE,1676582307432079232,DF:DF:EE:00:00:04,-101
BLE,1676582307682141301,DF:DF:EE:00:00:01,-76
BLE,1676582308172686275,DF:DF:EE:00:00:02,-83
BLE,1676582308241031580,DF:DF:EE:00:00:05,-91
BLE,1676582308430483659,DF:DF:EE:00:00:04,-93
BLE,1676582308674965178,DF:DF:EE:00:00:01,-79
BLE,1676582308932056321,DF:DF:EE:00:00:03,-86
BLE,1676582308968903667,DF:DF:EE:00:00:04,-93
BLE,1676582309174261911,DF:DF:EE:00:00:02,-85
BLE,1676582309252280963,DF:DF:EE:00:00:05,-90
BLE,1676582309430150987,DF:DF:EE:00:00:04,-95
BLE,1676582309677077223,DF:DF:EE:00:00:01,-85
BLE,1676582309713743988,DF:DF:EE:00:00:02,-86
BLE,1676582310176012878,DF:DF:EE:00:00:02,-84
BLE,1676582310267276088,DF:DF:EE:00:00:05,-90
BLE,1676582310431183755,DF:DF:EE:00:00:04,-93
BLE,1676582310672315567,DF:DF:EE:00:00:01,-76
BLE,1676582310711174428,DF:DF:EE:00:00:02,-94
BLE,1676582310927027159,DF:DF:EE:00:00:03,-85
BLE,1676582310969669095,DF:DF:EE:00:00:04,-95
BLE,1676582311674915481,DF:DF:EE:00:00:01,-86
BLE,1676582311925966704,DF:DF:EE:00:00:03,-86
BLE,1676582311969611044,DF:DF:EE:00:00:04,-94
BLE,1676582312174229881,DF:DF:EE:00:00:02,-93
BLE,1676582312676090997,DF:DF:EE:00:00:01,-77
BLE,1676582312713677333,DF:DF:EE:00:00:02,-93
BLE,1676582313172229022,DF:DF:EE:00:00:02,-84
BLE,1676582313426246456,DF:DF:EE:00:00:04,-93
BLE,1676582313677178222,DF:DF:EE:00:00:01,-86
BLE,1676582313716718574,DF:DF:EE:00:00:02,-86
BLE,1676582313925290318,DF:DF:EE:00:00:03,-87
BLE,1676582313966862185,DF:DF:EE:00:00:04,-94
BLE,1676582314176470622,DF:DF:EE:00:00:02,-92
BLE,1676582314310980761,DF:DF:EE:00:00:05,-95
BLE,1676582314677368126,DF:DF:EE:00:00:01,-77
BLE,1676582314720556305,DF:DF:EE:00:00:02,-84
BLE,1676582315175563041,DF:DF:EE:00:00:02,-84
BLE,1676582315322235019,DF:DF:EE:00:00:05,-94
BLE,1676582315433525172,DF:DF:EE:00:00:04,-95
BLE,1676582315679954082,DF:DF:EE:00:00:01,-86
BLE,1676582315711330000,DF:DF:EE:00:00:02,-84
BLE,1676582315931596464,DF:DF:EE:00:00:03,-88
BLE,1676582315968206438,DF:DF:EE:00:00:04,-92
BLE,1676582316172370948,DF:DF:EE:00:00:02,-86
BLE,1676582316333492109,DF:DF:EE:00:00:05,-94
BLE,1676582316426014595,DF:DF:EE:00:00:04,-95
BLE,1676582316681077098,DF:DF:EE:00:00:01,-76
BLE,1676582316717453409,DF:DF:EE:00:00:02,-93
BLE,1676582316929990766,DF:DF:EE:00:00:03,-94
BLE,1676582317173701961,DF:DF:EE:00:00:02,-84
BLE,1676582317348512234,DF:DF:EE:00:00:05,-94
BLE,1676582317675788325,DF:DF:EE:00:00:01,-79
BLE,1676582317714941515,DF:DF:EE:00:00:02,-84
BLE,1676582317930960452,DF:DF:EE:00:00:03,-86
BLE,1676582317967847006,DF:DF:EE:00:00:04,-93
BLE,1676582318177387528,DF:DF:EE:00:00:02,-93
BLE,1676582318362176460,DF:DF:EE:00:00:05,-94
BLE,1676582318676320349,DF:DF:EE:00:00:01,-86
BLE,1676582318713314527,DF:DF:EE:00:00:02,-85
BLE,1676582318965864855,DF:DF:EE:00:00:04,-95
BLE,1676582319173016242,DF:DF:EE:00:00:02,-92
BLE,1676582319371055041,DF:DF:EE:00:00:05,-94
BLE,1676582319431346827,DF:DF:EE:00:00:04,-94
BLE,1676582319719397811,DF:DF:EE:00:00:02,-83
BLE,1676582319930608852,DF:DF:EE:00:00:03,-85
BLE,1676582320175284410,DF:DF:EE:00:00:02,-86
BLE,1676582320386018374,DF:DF:EE:00:00:05,-95
BLE,1676582320679970322,DF:DF:EE:00:00:01,-86
BLE,1676582320713564378,DF:DF:EE:00:00:02,-85
BLE,1676582320932027532,DF:DF:EE:00:00:03,-93
BLE,1676582320971146431,DF:DF:EE:00:00:04,-94
BLE,1676582321177586161,DF:DF:EE:00:00:02,-84
BLE,1676582321399683183,DF:DF:EE:00:00:05,-94
BLE,1676582321712621005,DF:DF:EE:00:00:02,-94
BLE,1676582321928958562,DF:DF:EE:00:00:03,-85
BLE,1676582322174963019,DF:DF:EE:00:00:02,-86
BLE,1676582322414786057,DF:DF:EE:00:00:05,-92
BLE,1676582322432226910,DF:DF:EE:00:00:04,-95
BLE,1676582322674346667,DF:DF:EE:00:00:01,-79
BLE,1676582322932615212,DF:DF:EE:00:00:03,-94
BLE,1676582323421293044,DF:DF:EE:00:00:05,-93
BLE,1676582323425157868,DF:DF:EE:00:00:04,-94
BLE,1676582323715992565,DF:DF:EE:00:00:02,-93
BLE,1676582323932466204,DF:DF:EE:00:00:03,-85
BLE,1676582323963859372,DF:DF:EE:00:00:04,-95
BLE,1676582324429585257,DF:DF:EE:00:00:05,-94
BLE,1676582324680020447,DF:DF:EE:00:00:01,-86
BLE,1676582324717563076,DF:DF:EE:00:00:02,-85
BLE,1676582324927289970,DF:DF:EE:00:00:03,-87
BLE,1676582324967690311,DF:DF:EE:00:00:04,-94
BLE,1676582325176924504,DF:DF:EE:00:00:02,-93
BLE,1676582325425230388,DF:DF:EE:00:00:04,-96
BLE,1676582325444761172,DF:DF:EE:00:00:05,-93
BLE,1676582325675328332,DF:DF:EE:00:00:01,-86
BLE,1676582325927818078,DF:DF:EE:00:00:03,-94
BLE,1676582326428786747,DF:DF:EE:00:00:04,-93
BLE,1676582326459815296,DF:DF:EE:00:00:05,-94
BLE,1676582326675869981,DF:DF:EE:00:00:01,-78
BLE,1676582326924064117,DF:DF:EE:00:00:03,-85
BLE,1676582326969588307,DF:DF:EE:00:00:04,-93
BLE,1676582327177147064,DF:DF:EE:00:00:02,-93
BLE,1676582327469767279,DF:DF:EE:00:00:05,-93
BLE,1676582327677792862,DF:DF:EE:00:00:01,-85
BLE,1676582327712608527,DF:DF:EE:00:00:02,-86
BLE,1676582327962896177,DF:DF:EE:00:00:04,-95
BLE,1676582328176366064,DF:DF:EE:00:00:02,-84
BLE,1676582328478459237,DF:DF:EE:00:00:05,-94
BLE,1676582328672510255,DF:DF:EE:00:00:01,-76
BLE,1676582328720007502,DF:DF:EE:00:00:02,-83
BLE,1676582328928057752,DF:DF:EE:00:00:03,-86
BLE,1676582328969705743,DF:DF:EE:00:00:04,-93
BLE,1676582329175847977,DF:DF:EE:00:00:02,-85
BLE,1676582329425823131,DF:DF:EE:00:00:04,-94
BLE,1676582329677103851,DF:DF:EE:00:00:01,-86
BLE,1676582329713941322,DF:DF:EE:00:00:02,-85
BLE,1676582329926736010,DF:DF:EE:00:00:03,-88
BLE,1676582329962323331,DF:DF:EE:00:00:04,-93
BLE,1676582330171490733,DF:DF:EE:00:00:02,-93
BLE,1676582330718866997,DF:DF:EE:00:00:02,-84
BLE,1676582330927712903,DF:DF:EE:00:00:03,-85
BLE,1676582331716528559,DF:DF:EE:00:00:02,-86
BLE,1676582331925362632,DF:DF:EE:00:00:03,-87
BLE,1676582332176393981,DF:DF:EE:00:00:02,-82
BLE,1676582332519793900,DF:DF:EE:00:00:05,-91
BLE,1676582332675186179,DF:DF:EE:00:00:01,-61
BLE,1676582332931667205,DF:DF:EE:00:00:03,-75
BLE,1676582333177570247,DF:DF:EE:00:00:02,-75
BLE,1676582333428771634,DF:DF:EE:00:00:04,-84
BLE,1676582333676771064,DF:DF:EE:00:00:01,-65
BLE,1676582333718119726,DF:DF:EE:00:00:02,-75
BLE,1676582333929355351,DF:DF:EE:00:00:03,-86
BLE,1676582334179284505,DF:DF:EE:00:00:02,-93
BLE,1676582334544684842,DF:DF:EE:00:00:05,-77
BLE,1676582334671579123,DF:DF:EE:00:00:01,-86
BLE,1676582334712948618,DF:DF:EE:00:00:02,-85
BLE,1676582334927802944,DF:DF:EE:00:00:03,-93
BLE,1676582335173136451,DF:DF:EE:00:00:02,-84
BLE,1676582335427891501,DF:DF:EE:00:00:04,-94
BLE,1676582335555945141,DF:DF:EE:00:00:05,-90
BLE,1676582335709921689,DF:DF:EE:00:00:02,-93
BLE,1676582335923133121,DF:DF:EE:00:00:03,-85
BLE,1676582336425057694,DF:DF:EE:00:00:04,-94
BLE,1676582336567204232,DF:DF:EE:00:00:05,-90
BLE,1676582336677215153,DF:DF:EE:00:00:01,-86
BLE,1676582336715935099,DF:DF:EE:00:00:02,-86
BLE,1676582336925445330,DF:DF:EE:00:00:03,-87
BLE,1676582337172591230,DF:DF:EE:00:00:02,-93
BLE,1676582337580981165,DF:DF:EE:00:00:05,-90
BLE,1676582337679081035,DF:DF:EE:00:00:01,-80
BLE,1676582337709337551,DF:DF:EE:00:00:02,-93
BLE,1676582337932643433,DF:DF:EE:00:00:03,-86
BLE,1676582338174988396,DF:DF:EE:00:00:02,-85
BLE,1676582338432236746,DF:DF:EE:00:00:04,-96
BLE,1676582338588458306,DF:DF:EE:00:00:05,-93
BLE,1676582338677870457,DF:DF:EE:00:00:01,-86
BLE,1676582338925368894,DF:DF:EE:00:00:03,-88
BLE,1676582338972392856,DF:DF:EE:00:00:04,-95
BLE,1676582339171411017,DF:DF:EE:00:00:02,-92
BLE,1676582339593450896,DF:DF:EE:00:00:05,-94
BLE,1676582339675098442,DF:DF:EE:00:00:01,-77
BLE,1676582339718775364,DF:DF:EE:00:00:02,-83
BLE,1676582339929452871,DF:DF:EE:00:00:03,-85
BLE,1676582340174672046,DF:DF:EE:00:00:02,-73
BLE,1676582340429913214,DF:DF:EE:00:00:04,-94
BLE,1676582340603455629,DF:DF:EE:00:00:05,-93
BLE,1676582340672843503,DF:DF:EE:00:00:01,-79
BLE,1676582340925484622,DF:DF:EE:00:00:03,-87
BLE,1676582340968550094,DF:DF:EE:00:00:04,-94
BLE,1676582341170291886,DF:DF:EE:00:00:02,-85
BLE,1676582341425494554,DF:DF:EE:00:00:04,-94
BLE,1676582341617230311,DF:DF:EE:00:00:05,-96
BLE,1676582341679433281,DF:DF:EE:00:00:01,-76
BLE,1676582341708226650,DF:DF:EE:00:00:02,-88
BLE,1676582341930182716,DF:DF:EE:00:00:03,-86
BLE,1676582342174815274,DF:DF:EE:00:00:02,-83
BLE,1676582342433521938,DF:DF:EE:00:00:04,-96
BLE,1676582342625984102,DF:DF:EE:00:00:05,-90
BLE,1676582342676561850,DF:DF:EE:00:00:01,-79
BLE,1676582342711293724,DF:DF:EE:00:00:02,-84
BLE,1676582342930316121,DF:DF:EE:00:00:03,-86
BLE,1676582342969838557,DF:DF:EE:00:00:04,-94
BLE,1676582343174898471,DF:DF:EE:00:00:02,-94
BLE,1676582343427272260,DF:DF:EE:00:00:04,-94
BLE,1676582343634966598,DF:DF:EE:00:00:05,-90
BLE,1676582343670664834,DF:DF:EE:00:00:01,-86
BLE,1676582343718871031,DF:DF:EE:00:00:02,-92
BLE,1676582343930474734,DF:DF:EE:00:00:03,-93
BLE,1676582343965469729,DF:DF:EE:00:00:04,-84
BLE,1676582344640782136,DF:DF:EE:00:00:05,-94
BLE,1676582344712839142,DF:DF:EE:00:00:02,-84
BLE,1676582344967872521,DF:DF:EE:00:00:04,-94
BLE,1676582345169935016,DF:DF:EE:00:00:02,-86
BLE,1676582345429755207,DF:DF:EE:00:00:04,-95
BLE,1676582345671055892,DF:DF:EE:00:00:01,-79
BLE,1676582345925568903,DF:DF:EE:00:00:03,-87
BLE,1676582345967743845,DF:DF:EE:00:00:04,-95
BLE,1676582346181001985,DF:DF:EE:00:00:02,-83
BLE,1676582346658295759,DF:DF:EE:00:00:05,-94
BLE,1676582346672427655,DF:DF:EE:00:00:01,-75
BLE,1676582346713353573,DF:DF:EE:00:00:02,-93
BLE,1676582347177834141,DF:DF:EE:00:00:02,-87
BLE,1676582347428322539,DF:DF:EE:00:00:04,-95
BLE,1676582347678718729,DF:DF:EE:00:00:01,-86
BLE,1676582347717408009,DF:DF:EE:00:00:02,-86
BLE,1676582347972347556,DF:DF:EE:00:00:04,-95
BLE,1676582348180064852,DF:DF:EE:00:00:02,-84
BLE,1676582348670697825,DF:DF:EE:00:00:01,-87
BLE,1676582348712433523,DF:DF:EE:00:00:02,-94
BLE,1676582348928691164,DF:DF:EE:00:00:03,-86
BLE,1676582348962995294,DF:DF:EE:00:00:04,-98
BLE,1676582349173175141,DF:DF:EE:00:00:02,-83
BLE,1676582349425334058,DF:DF:EE:00:00:04,-93
BLE,1676582349672786578,DF:DF:EE:00:00:01,-79
BLE,1676582349716219213,DF:DF:EE:00:00:02,-86
BLE,1676582349923064228,DF:DF:EE:00:00:03,-86
BLE,1676582349966206408,DF:DF:EE:00:00:04,-92
BLE,1676582350173427877,DF:DF:EE:00:00:02,-93
BLE,1676582350424881887,DF:DF:EE:00:00:04,-95
BLE,1676582350670430766,DF:DF:EE:00:00:01,-86
BLE,1676582350709503291,DF:DF:EE:00:00:02,-86
BLE,1676582350932010600,DF:DF:EE:00:00:03,-74
BLE,1676582351176123081,DF:DF:EE:00:00:02,-84
BLE,1676582351427110555,DF:DF:EE:00:00:04,-94
BLE,1676582351715077582,DF:DF:EE:00:00:02,-83
BLE,1676582351718189458,DF:DF:EE:00:00:05,-94
BLE,1676582351928156224,DF:DF:EE:00:00:03,-87
BLE,1676582351969433178,DF:DF:EE:00:00:04,-92
BLE,1676582352175001461,DF:DF:EE:00:00:02,-93
BLE,1676582352424577329,DF:DF:EE:00:00:04,-96
BLE,1676582352672427636,DF:DF:EE:00:00:01,-86
BLE,1676582352718183989,DF:DF:EE:00:00:02,-93
BLE,1676582352927991299,DF:DF:EE:00:00:03,-94
BLE,1676582352963717702,DF:DF:EE:00:00:04,-96
BLE,1676582353716776456,DF:DF:EE:00:00:02,-84
BLE,1676582353746943057,DF:DF:EE:00:00:05,-94
BLE,1676582353930020095,DF:DF:EE:00:00:03,-86
BLE,1676582354169909633,DF:DF:EE:00:00:02,-86
BLE,1676582354678241205,DF:DF:EE:00:00:01,-87
BLE,1676582354711898760,DF:DF:EE:00:00:02,-85
BLE,1676582354755751264,DF:DF:EE:00:00:05,-96
BLE,1676582354925939681,DF:DF:EE:00:00:03,-73
BLE,1676582355178025890,DF:DF:EE:00:00:02,-83
BLE,1676582355677901824,DF:DF:EE:00:00:01,-79
BLE,1676582355716362108,DF:DF:EE:00:00:02,-84
BLE,1676582355765723788,DF:DF:EE:00:00:05,-91
BLE,1676582356173123736,DF:DF:EE:00:00:02,-86
BLE,1676582356431236533,DF:DF:EE:00:00:04,-96
BLE,1676582356679414211,DF:DF:EE:00:00:01,-86
BLE,1676582356773185180,DF:DF:EE:00:00:05,-89
BLE,1676582356928027341,DF:DF:EE:00:00:03,-87
BLE,1676582356971643390,DF:DF:EE:00:00:04,-85
BLE,1676582357174201837,DF:DF:EE:00:00:02,-94
BLE,1676582357672963994,DF:DF:EE:00:00:01,-77
BLE,1676582357716213464,DF:DF:EE:00:00:02,-94
BLE,1676582357779429712,DF:DF:EE:00:00:05,-95
BLE,1676582357928056705,DF:DF:EE:00:00:03,-85
BLE,1676582358176270466,DF:DF:EE:00:00:02,-85
BLE,1676582358426018331,DF:DF:EE:00:00:04,-94
BLE,1676582358795746569,DF:DF:EE:00:00:05,-94
BLE,1676582358921971776,DF:DF:EE:00:00:03,-85
BLE,1676582358971934532,DF:DF:EE:00:00:04,-96
BLE,1676582359174419064,DF:DF:EE:00:00:02,-92
BLE,1676582359428361707,DF:DF:EE:00:00:04,-90
BLE,1676582359675452566,DF:DF:EE:00:00:01,-76
BLE,1676582359713307774,DF:DF:EE:00:00:02,-93
BLE,1676582359811907470,DF:DF:EE:00:00:05,-90
BLE,1676582359963203095,DF:DF:EE:00:00:04,-96
BLE,1676582360818155336,DF:DF:EE:00:00:05,-94
BLE,1676582360926124367,DF:DF:EE:00:00:03,-86
BLE,1676582360968119187,DF:DF:EE:00:00:04,-94
BLE,1676582361177372546,DF:DF:EE:00:00:02,-93
BLE,1676582361422792885,DF:DF:EE:00:00:04,-94
BLE,1676582361675217048,DF:DF:EE:00:00:01,-85
BLE,1676582361708197821,DF:DF:EE:00:00:02,-86
BLE,1676582361833149877,DF:DF:EE:00:00:05,-95
BLE,1676582361965624251,DF:DF:EE:00:00:04,-95
BLE,1676582362175167065,DF:DF:EE:00:00:02,-84
BLE,1676582362675761406,DF:DF:EE:00:00:01,-78
BLE,1676582362710614612,DF:DF:EE:00:00:02,-93
BLE,1676582362843158276,DF:DF:EE:00:00:05,-94
BLE,1676582362928130695,DF:DF:EE:00:00:03,-85
BLE,1676582363170675322,DF:DF:EE:00:00:02,-86
BLE,1676582363423247525,DF:DF:EE:00:00:04,-94
BLE,1676582363674464246,DF:DF:EE:00:00:01,-86
BLE,1676582363717913838,DF:DF:EE:00:00:02,-93
BLE,1676582363848168325,DF:DF:EE:00:00:05,-94
BLE,1676582363926313792,DF:DF:EE:00:00:03,-87
BLE,1676582363965811937,DF:DF:EE:00:00:04,-94
BLE,1676582364172711618,DF:DF:EE:00:00:02,-93
BLE,1676582364430683583,DF:DF:EE:00:00:04,-94
BLE,1676582364678202811,DF:DF:EE:00:00:01,-79
BLE,1676582364713120975,DF:DF:EE:00:00:02,-92
BLE,1676582364927788929,DF:DF:EE:00:00:03,-86
BLE,1676582365177833915,DF:DF:EE:00:00:02,-85
BLE,1676582365428236730,DF:DF:EE:00:00:04,-94
BLE,1676582365676104037,DF:DF:EE:00:00:01,-74
BLE,1676582365870677757,DF:DF:EE:00:00:05,-94
BLE,1676582365926477603,DF:DF:EE:00:00:03,-87
BLE,1676582365967683766,DF:DF:EE:00:00:04,-94
BLE,1676582366173684585,DF:DF:EE:00:00:02,-93
BLE,1676582366676121944,DF:DF:EE:00:00:01,-76
BLE,1676582366713186079,DF:DF:EE:00:00:02,-94
BLE,1676582366928165279,DF:DF:EE:00:00:03,-85
BLE,1676582366962770904,DF:DF:EE:00:00:04,-97
BLE,1676582367178495845,DF:DF:EE:00:00:02,-85
BLE,1676582367426221237,DF:DF:EE:00:00:04,-94
BLE,1676582367671817199,DF:DF:EE:00:00:01,-78
BLE,1676582367711758337,DF:DF:EE:00:00:02,-84
BLE,1676582367889550737,DF:DF:EE:00:00:05,-90
BLE,1676582367921845560,DF:DF:EE:00:00:03,-85
BLE,1676582367970561208,DF:DF:EE:00:00:04,-94
BLE,1676582368180780804,DF:DF:EE:00:00:02,-84
BLE,1676582368423871257,DF:DF:EE:00:00:04,-95
BLE,1676582368680587114,DF:DF:EE:00:00:01,-61
BLE,1676582368714441333,DF:DF:EE:00:00:02,-82
BLE,1676582368904670444,DF:DF:EE:00:00:05,-92
BLE,1676582368964523236,DF:DF:EE:00:00:04,-95
BLE,1676582369175866901,DF:DF:EE:00:00:02,-84
BLE,1676582369429973125,DF:DF:EE:00:00:04,-94
BLE,1676582369674035982,DF:DF:EE:00:00:01,-78
BLE,1676582369713147548,DF:DF:EE:00:00:02,-83
BLE,1676582369917046395,DF:DF:EE:00:00:05,-92
BLE,1676582369929411606,DF:DF:EE:00:00:03,-87
BLE,1676582370178979391,DF:DF:EE:00:00:02,-93
BLE,1676582370424805725,DF:DF:EE:00:00:04,-96
BLE,1676582370679043239,DF:DF:EE:00:00:01,-75
BLE,1676582370718667924,DF:DF:EE:00:00:02,-92
BLE,1676582370929461970,DF:DF:EE:00:00:05,-90
BLE,1676582370960536685,DF:DF:EE:00:00:04,-94
BLE,1676582371178783008,DF:DF:EE:00:00:02,-84
BLE,1676582371713112237,DF:DF:EE:00:00:02,-84
BLE,1676582371928210143,DF:DF:EE:00:00:03,-85
BLE,1676582371939492078,DF:DF:EE:00:00:05,-91
BLE,1676582372425816941,DF:DF:EE:00:00:04,-95
BLE,1676582372669426179,DF:DF:EE:00:00:01,-79
BLE,1676582372710441803,DF:DF:EE:00:00:02,-86
BLE,1676582372924419933,DF:DF:EE:00:00:03,-87
BLE,1676582372950843292,DF:DF:EE:00:00:05,-91
BLE,1676582372965785887,DF:DF:EE:00:00:04,-94
BLE,1676582373177446172,DF:DF:EE:00:00:02,-84
BLE,1676582373678324634,DF:DF:EE:00:00:01,-79
BLE,1676582373713280422,DF:DF:EE:00:00:02,-93
BLE,1676582373963251285,DF:DF:EE:00:00:05,-90
BLE,1676582374178293567,DF:DF:EE:00:00:02,-87
BLE,1676582374432115004,DF:DF:EE:00:00:04,-95
BLE,1676582374679467109,DF:DF:EE:00:00:01,-86
BLE,1676582374715875670,DF:DF:EE:00:00:02,-86
BLE,1676582374924698034,DF:DF:EE:00:00:03,-87
BLE,1676582374972005117,DF:DF:EE:00:00:05,-94
BLE,1676582375172556633,DF:DF:EE:00:00:02,-92
BLE,1676582375671541079,DF:DF:EE:00:00:01,-85
BLE,1676582375710132027,DF:DF:EE:00:00:02,-78
BLE,1676582375926587166,DF:DF:EE:00:00:03,-95
BLE,1676582375985673093,DF:DF:EE:00:00:05,-96
BLE,1676582376172830036,DF:DF:EE:00:00:02,-84
BLE,1676582376426731346,DF:DF:EE:00:00:04,-81
BLE,1676582376674729526,DF:DF:EE:00:00:01,-80
BLE,1676582376931302093,DF:DF:EE:00:00:03,-87
BLE,1676582376964876691,DF:DF:EE:00:00:04,-92
BLE,1676582377170475265,DF:DF:EE:00:00:02,-86
BLE,1676582377424960859,DF:DF:EE:00:00:04,-96
BLE,1676582377680324984,DF:DF:EE:00:00:01,-77
BLE,1676582377927160263,DF:DF:EE:00:00:03,-94
BLE,1676582378015862257,DF:DF:EE:00:00:05,-91
BLE,1676582378711037734,DF:DF:EE:00:00:02,-84
BLE,1676582378932105479,DF:DF:EE:00:00:03,-88
BLE,1676582378966428942,DF:DF:EE:00:00:04,-94
BLE,1676582379022018582,DF:DF:EE:00:00:05,-94
BLE,1676582379172569883,DF:DF:EE:00:00:02,-86
BLE,1676582379674972201,DF:DF:EE:00:00:01,-85
BLE,1676582379712942449,DF:DF:EE:00:00:02,-86
BLE,1676582379923827786,DF:DF:EE:00:00:03,-87
BLE,1676582380032022731,DF:DF:EE:00:00:05,-95
BLE,1676582380174556639,DF:DF:EE:00:00:02,-84
BLE,1676582380673056049,DF:DF:EE:00:00:01,-77
BLE,1676582380714767081,DF:DF:EE:00:00:02,-84
BLE,1676582381048145174,DF:DF:EE:00:00:05,-94
BLE,1676582381176021776,DF:DF:EE:00:00:02,-87
BLE,1676582381428100652,DF:DF:EE:00:00:04,-96
BLE,1676582381674814516,DF:DF:EE:00:00:01,-86
BLE,1676582381924752503,DF:DF:EE:00:00:03,-86
BLE,1676582381960895526,DF:DF:EE:00:00:04,-93
BLE,1676582382066094052,DF:DF:EE:00:00:05,-90
BLE,1676582382180396999,DF:DF:EE:00:00:02,-84
BLE,1676582382678249252,DF:DF:EE:00:00:01,-80
BLE,1676582382716167750,DF:DF:EE:00:00:02,-84
BLE,1676582382923955337,DF:DF:EE:00:00:03,-93
BLE,1676582383430252561,DF:DF:EE:00:00:04,-96
BLE,1676582383678002786,DF:DF:EE:00:00:01,-87
BLE,1676582383717052520,DF:DF:EE:00:00:02,-85
BLE,1676582383922958340,DF:DF:EE:00:00:03,-87
BLE,1676582383962031199,DF:DF:EE:00:00:04,-93
BLE,1676582384085620898,DF:DF:EE:00:00:05,-94
BLE,1676582384173664443,DF:DF:EE:00:00:02,-92
BLE,1676582384675041857,DF:DF:EE:00:00:01,-76
BLE,1676582384719353063,DF:DF:EE:00:00:02,-69
BLE,1676582384923440907,DF:DF:EE:00:00:03,-94
BLE,1676582384962507140,DF:DF:EE:00:00:04,-94
BLE,1676582385090560614,DF:DF:EE:00:00:05,-95
BLE,1676582385173673391,DF:DF:EE:00:00:02,-84
BLE,1676582385423685128,DF:DF:EE:00:00:04,-94
BLE,1676582385921117761,DF:DF:EE:00:00:03,-86
BLE,1676582385970889686,DF:DF:EE:00:00:04,-94
BLE,1676582386101940995,DF:DF:EE:00:00:05,-95
BLE,1676582386177343040,DF:DF:EE:00:00:02,-94
BLE,1676582386423961030,DF:DF:EE:00:00:04,-95
BLE,1676582386677556428,DF:DF:EE:00:00:01,-77
BLE,1676582386717382443,DF:DF:EE:00:00:02,-91
BLE,1676582386930590333,DF:DF:EE:00:00:03,-86
BLE,1676582387115793969,DF:DF:EE:00:00:05,-94
BLE,1676582387177831774,DF:DF:EE:00:00:02,-86
BLE,1676582387671192585,DF:DF:EE:00:00:01,-77
BLE,1676582387714282849,DF:DF:EE:00:00:02,-83
BLE,1676582387922067853,DF:DF:EE:00:00:03,-87
BLE,1676582388169004713,DF:DF:EE:00:00:02,-87
BLE,1676582388672923136,DF:DF:EE:00:00:01,-85
BLE,1676582388711547042,DF:DF:EE:00:00:02,-85
BLE,1676582388960582458,DF:DF:EE:00:00:04,-94
BLE,1676582389170965844,DF:DF:EE:00:00:02,-92
BLE,1676582389671846015,DF:DF:EE:00:00:01,-77
BLE,1676582389713675587,DF:DF:EE:00:00:02,-83
BLE,1676582390174337622,DF:DF:EE:00:00:02,-86
BLE,1676582390421226234,DF:DF:EE:00:00:04,-93
BLE,1676582390669887489,DF:DF:EE:00:00:01,-79
BLE,1676582390716604663,DF:DF:EE:00:00:02,-86
BLE,1676582390925505985,DF:DF:EE:00:00:03,-87
BLE,1676582390965883784,DF:DF:EE:00:00:04,-83
BLE,1676582391172213890,DF:DF:EE:00:00:02,-93
BLE,1676582391673763469,DF:DF:EE:00:00:01,-76
BLE,1676582391927000288,DF:DF:EE:00:00:03,-86
BLE,1676582392176024663,DF:DF:EE:00:00:02,-85
BLE,1676582392671286575,DF:DF:EE:00:00:01,-78
BLE,1676582392714662501,DF:DF:EE:00:00:02,-76
BLE,1676582392923452450,DF:DF:EE:00:00:03,-75
BLE,1676582392960834039,DF:DF:EE:00:00:04,-82
BLE,1676582393175242288,DF:DF:EE:00:00:02,-82
BLE,1676582393671676851,DF:DF:EE:00:00:01,-72
BLE,1676582393711088413,DF:DF:EE:00:00:02,-94
BLE,1676582393929465860,DF:DF:EE:00:00:03,-85
BLE,1676582394191953974,DF:DF:EE:00:00:05,-91
BLE,1676582394423217958,DF:DF:EE:00:00:04,-94
BLE,1676582394676388570,DF:DF:EE:00:00:01,-78
BLE,1676582394711886601,DF:DF:EE:00:00:02,-84
BLE,1676582394926907509,DF:DF:EE:00:00:03,-87
BLE,1676582394963812729,DF:DF:EE:00:00:04,-95
BLE,1676582395171750480,DF:DF:EE:00:00:02,-86
BLE,1676582395198211297,DF:DF:EE:00:00:05,-93
BLE,1676582395670645969,DF:DF:EE:00:00:01,-86
BLE,1676582395717685139,DF:DF:EE:00:00:02,-92
BLE,1676582395925846596,DF:DF:EE:00:00:03,-93
BLE,1676582396172538668,DF:DF:EE:00:00:02,-84
BLE,1676582396674762071,DF:DF:EE:00:00:01,-78
BLE,1676582396713301395,DF:DF:EE:00:00:02,-83
BLE,1676582396926736449,DF:DF:EE:00:00:03,-85
BLE,1676582396968725685,DF:DF:EE:00:00:04,-93
BLE,1676582397176321024,DF:DF:EE:00:00:02,-93
BLE,1676582397215830294,DF:DF:EE:00:00:05,-92
BLE,1676582397421075873,DF:DF:EE:00:00:04,-82
BLE,1676582397676949740,DF:DF:EE:00:00:01,-86
BLE,1676582397717424539,DF:DF:EE:00:00:02,-93
BLE,1676582397924536884,DF:DF:EE:00:00:03,-87
BLE,1676582397926027281,DF:DF:EE:00:00:03,-96
BLE,1676582397960710323,DF:DF:EE:00:00:04,-94
BLE,1676582398179223393,DF:DF:EE:00:00:02,-84
BLE,1676582398226951512,DF:DF:EE:00:00:05,-94
BLE,1676582398710645326,DF:DF:EE:00:00:02,-92
BLE,1676582398923344306,DF:DF:EE:00:00:03,-85
BLE,1676582398968631999,DF:DF:EE:00:00:04,-82
BLE,1676582399427539100,DF:DF:EE:00:00:04,-94
BLE,1676582399676545017,DF:DF:EE:00:00:01,-86
BLE,1676582399716422990,DF:DF:EE:00:00:02,-86
BLE,1676582399931719227,DF:DF:EE:00:00:03,-95
BLE,1676582399962476445,DF:DF:EE:00:00:04,-93
BLE,1676582400177380271,DF:DF:EE:00:00:02,-84
BLE,1676582400249411403,DF:DF:EE:00:00:05,-91
BLE,1676582400674018707,DF:DF:EE:00:00:01,-77
BLE,1676582400718991154,DF:DF:EE:00:00:02,-84
BLE,1676582400925846336,DF:DF:EE:00:00:03,-86
BLE,1676582401177787964,DF:DF:EE:00:00:02,-85
BLE,1676582401263014296,DF:DF:EE:00:00:05,-94
BLE,1676582401421549200,DF:DF:EE:00:00:04,-93
BLE,1676582401669596796,DF:DF:EE:00:00:01,-79
BLE,1676582401717343040,DF:DF:EE:00:00:02,-85
BLE,1676582401928585331,DF:DF:EE:00:00:03,-87
BLE,1676582402175338903,DF:DF:EE:00:00:02,-94
BLE,1676582402279544109,DF:DF:EE:00:00:05,-93
BLE,1676582402421305610,DF:DF:EE:00:00:04,-94
BLE,1676582402674982090,DF:DF:EE:00:00:01,-77
BLE,1676582402716119421,DF:DF:EE:00:00:02,-94
BLE,1676582402963349737,DF:DF:EE:00:00:04,-95
BLE,1676582403177343491,DF:DF:EE:00:00:02,-87
BLE,1676582403671470210,DF:DF:EE:00:00:01,-79
BLE,1676582403923487087,DF:DF:EE:00:00:03,-85
BLE,1676582404309124364,DF:DF:EE:00:00:05,-93
BLE,1676582404676439175,DF:DF:EE:00:00:01,-76
BLE,1676582404710037106,DF:DF:EE:00:00:02,-87
BLE,1676582404929707827,DF:DF:EE:00:00:03,-94
BLE,1676582404961322493,DF:DF:EE:00:00:04,-95
BLE,1676582405171557922,DF:DF:EE:00:00:02,-84
BLE,1676582405317882113,DF:DF:EE:00:00:05,-93
BLE,1676582405673536662,DF:DF:EE:00:00:01,-79
BLE,1676582405715170861,DF:DF:EE:00:00:02,-69
BLE,1676582405925734662,DF:DF:EE:00:00:03,-85
BLE,1676582406176235475,DF:DF:EE:00:00:02,-94
BLE,1676582406331703628,DF:DF:EE:00:00:05,-84
BLE,1676582406708421857,DF:DF:EE:00:00:02,-85
BLE,1676582406922629317,DF:DF:EE:00:00:03,-87
BLE,1676582407171465445,DF:DF:EE:00:00:02,-93
BLE,1676582407340515377,DF:DF:EE:00:00:05,-93
BLE,1676582407677746377,DF:DF:EE:00:00:01,-79
BLE,1676582407716277535,DF:DF:EE:00:00:02,-83
BLE,1676582408171213771,DF:DF:EE:00:00:02,-86
BLE,1676582408354183936,DF:DF:EE:00:00:05,-94
BLE,1676582408426054777,DF:DF:EE:00:00:04,-98
BLE,1676582408671907694,DF:DF:EE:00:00:01,-79
BLE,1676582408711933873,DF:DF:EE:00:00:02,-85
BLE,1676582408926089626,DF:DF:EE:00:00:03,-87
BLE,1676582408969429428,DF:DF:EE:00:00:04,-95
BLE,1676582409174594966,DF:DF:EE:00:00:02,-93
BLE,1676582409676853327,DF:DF:EE:00:00:01,-77
BLE,1676582409719046269,DF:DF:EE:00:00:02,-84
BLE,1676582409925988700,DF:DF:EE:00:00:03,-86
BLE,1676582409961584730,DF:DF:EE:00:00:04,-95
BLE,1676582410668630425,DF:DF:EE:00:00:01,-79
BLE,1676582410714848148,DF:DF:EE:00:00:02,-85
BLE,1676582410924975579,DF:DF:EE:00:00:03,-87
BLE,1676582411174308616,DF:DF:EE:00:00:02,-92
BLE,1676582411391663951,DF:DF:EE:00:00:05,-94
BLE,1676582411679814851,DF:DF:EE:00:00:01,-76
BLE,1676582411707827564,DF:DF:EE:00:00:02,-85
BLE,1676582411960531682,DF:DF:EE:00:00:04,-94
BLE,1676582412177318899,DF:DF:EE:00:00:02,-85
BLE,1676582412402897168,DF:DF:EE:00:00:05,-94
BLE,1676582412429762479,DF:DF:EE:00:00:04,-94
BLE,1676582412431257001,DF:DF:EE:00:00:04,-94
BLE,1676582412676707215,DF:DF:EE:00:00:01,-78
BLE,1676582412711360590,DF:DF:EE:00:00:02,-84
BLE,1676582412921296857,DF:DF:EE:00:00:03,-86
BLE,1676582413177884590,DF:DF:EE:00:00:02,-93
BLE,1676582413422569897,DF:DF:EE:00:00:04,-93
BLE,1676582413672773257,DF:DF:EE:00:00:01,-85
BLE,1676582413715289320,DF:DF:EE:00:00:02,-92
BLE,1676582413959548924,DF:DF:EE:00:00:04,-92
BLE,1676582414175045326,DF:DF:EE:00:00:02,-83
BLE,1676582414427913566,DF:DF:EE:00:00:05,-94
BLE,1676582414714155741,DF:DF:EE:00:00:02,-85
BLE,1676582414929148358,DF:DF:EE:00:00:03,-87
BLE,1676582414967814430,DF:DF:EE:00:00:04,-93
BLE,1676582415177610948,DF:DF:EE:00:00:02,-93
BLE,1676582415427359522,DF:DF:EE:00:00:04,-95
BLE,1676582415439155199,DF:DF:EE:00:00:05,-84
BLE,1676582415669795067,DF:DF:EE:00:00:01,-78
BLE,1676582415712787374,DF:DF:EE:00:00:02,-85
BLE,1676582415967004972,DF:DF:EE:00:00:04,-96
BLE,1676582416170400283,DF:DF:EE:00:00:02,-92
BLE,1676582416449209473,DF:DF:EE:00:00:05,-90
BLE,1676582416670796669,DF:DF:EE:00:00:01,-77
BLE,1676582416718589120,DF:DF:EE:00:00:02,-84
BLE,1676582417420015140,DF:DF:EE:00:00:04,-93
BLE,1676582417456656114,DF:DF:EE:00:00:05,-91
BLE,1676582417677914064,DF:DF:EE:00:00:01,-86
BLE,1676582417711202958,DF:DF:EE:00:00:02,-72
BLE,1676582417924239392,DF:DF:EE:00:00:03,-87
BLE,1676582417963764411,DF:DF:EE:00:00:04,-95
BLE,1676582418170216349,DF:DF:EE:00:00:02,-92
BLE,1676582418709281931,DF:DF:EE:00:00:02,-93
BLE,1676582418929180483,DF:DF:EE:00:00:03,-86
BLE,1676582419421074189,DF:DF:EE:00:00:04,-84
BLE,1676582419479181421,DF:DF:EE:00:00:05,-94
BLE,1676582419921176578,DF:DF:EE:00:00:03,-85
BLE,1676582419962407742,DF:DF:EE:00:00:04,-82
BLE,1676582420175173929,DF:DF:EE:00:00:02,-94
BLE,1676582420424369177,DF:DF:EE:00:00:04,-94
BLE,1676582420489183528,DF:DF:EE:00:00:05,-94
BLE,1676582420671107415,DF:DF:EE:00:00:01,-75
BLE,1676582420707826638,DF:DF:EE:00:00:02,-87
BLE,1676582421501688353,DF:DF:EE:00:00:05,-95
BLE,1676582421920566399,DF:DF:EE:00:00:03,-75
BLE,1676582421968334851,DF:DF:EE:00:00:04,-92
BLE,1676582422169645232,DF:DF:EE:00:00:02,-85
BLE,1676582422509157161,DF:DF:EE:00:00:05,-83
BLE,1676582422711366696,DF:DF:EE:00:00:02,-75
BLE,1676582422965187341,DF:DF:EE:00:00:04,-94
BLE,1676582423171592737,DF:DF:EE:00:00:02,-84
BLE,1676582423428138971,DF:DF:EE:00:00:04,-95
BLE,1676582423521707901,DF:DF:EE:00:00:05,-94
BLE,1676582423714981263,DF:DF:EE:00:00:02,-83
BLE,1676582423926180721,DF:DF:EE:00:00:03,-85
BLE,1676582424173433911,DF:DF:EE:00:00:02,-85
BLE,1676582424424984044,DF:DF:EE:00:00:04,-94
BLE,1676582424529319415,DF:DF:EE:00:00:05,-95
BLE,1676582424669108984,DF:DF:EE:00:00:01,-79
BLE,1676582424711871002,DF:DF:EE:00:00:02,-87
BLE,1676582424920409871,DF:DF:EE:00:00:03,-86
BLE,1676582424960661214,DF:DF:EE:00:00:04,-95
BLE,1676582425171765465,DF:DF:EE:00:00:02,-82
BLE,1676582425670949575,DF:DF:EE:00:00:01,-76
BLE,1676582425710615134,DF:DF:EE:00:00:02,-93
BLE,1676582426173457432,DF:DF:EE:00:00:02,-86
BLE,1676582426670023452,DF:DF:EE:00:00:01,-65
BLE,1676582426709745593,DF:DF:EE:00:00:02,-69
BLE,1676582426927845919,DF:DF:EE:00:00:03,-76
BLE,1676582427170237048,DF:DF:EE:00:00:02,-95
BLE,1676582427568078706,DF:DF:EE:00:00:05,-83
BLE,1676582427670057316,DF:DF:EE:00:00:01,-87
BLE,1676582427712899875,DF:DF:EE:00:00:02,-83
BLE,1676582428170559950,DF:DF:EE:00:00:02,-82
BLE,1676582428422640368,DF:DF:EE:00:00:04,-94
BLE,1676582428579283547,DF:DF:EE:00:00:05,-93
BLE,1676582428678031284,DF:DF:EE:00:00:01,-86
BLE,1676582428712462578,DF:DF:EE:00:00:02,-84
BLE,1676582428925124184,DF:DF:EE:00:00:03,-86
BLE,1676582429174297890,DF:DF:EE:00:00:02,-92
BLE,1676582429423310557,DF:DF:EE:00:00:04,-96
BLE,1676582429589246322,DF:DF:EE:00:00:05,-92
BLE,1676582429674382822,DF:DF:EE:00:00:01,-76
BLE,1676582429717523418,DF:DF:EE:00:00:02,-93
BLE,1676582429925308005,DF:DF:EE:00:00:03,-94
BLE,1676582429960121211,DF:DF:EE:00:00:04,-94
BLE,1676582430601736938,DF:DF:EE:00:00:05,-92
BLE,1676582430671412434,DF:DF:EE:00:00:01,-79
BLE,1676582431168209825,DF:DF:EE:00:00:02,-85
BLE,1676582431423403285,DF:DF:EE:00:00:04,-95
BLE,1676582431606727279,DF:DF:EE:00:00:05,-94
BLE,1676582431678240958,DF:DF:EE:00:00:01,-77
BLE,1676582431713849279,DF:DF:EE:00:00:02,-93
BLE,1676582431921013458,DF:DF:EE:00:00:03,-87
BLE,1676582432171836642,DF:DF:EE:00:00:02,-83
BLE,1676582432623029970,DF:DF:EE:00:00:05,-90
BLE,1676582432670781922,DF:DF:EE:00:00:01,-76
BLE,1676582432713855727,DF:DF:EE:00:00:02,-85
BLE,1676582432968052201,DF:DF:EE:00:00:04,-93
BLE,1676582433173135115,DF:DF:EE:00:00:02,-86
BLE,1676582433421889327,DF:DF:EE:00:00:04,-94
BLE,1676582433634568765,DF:DF:EE:00:00:05,-92
BLE,1676582433673254254,DF:DF:EE:00:00:01,-85
BLE,1676582433713993424,DF:DF:EE:00:00:02,-86
BLE,1676582433923946607,DF:DF:EE:00:00:03,-87
BLE,1676582433967026662,DF:DF:EE:00:00:04,-93
BLE,1676582434169895981,DF:DF:EE:00:00:02,-93
BLE,1676582434646755761,DF:DF:EE:00:00:05,-92
BLE,1676582434677601019,DF:DF:EE:00:00:01,-78
BLE,1676582434714422658,DF:DF:EE:00:00:02,-84
BLE,1676582434925210996,DF:DF:EE:00:00:03,-85
BLE,1676582435420453617,DF:DF:EE:00:00:04,-93
BLE,1676582435656702660,DF:DF:EE:00:00:05,-94
BLE,1676582435678142669,DF:DF:EE:00:00:01,-86
BLE,1676582435919460229,DF:DF:EE:00:00:03,-73
BLE,1676582435961297551,DF:DF:EE:00:00:04,-94
BLE,1676582436174803020,DF:DF:EE:00:00:02,-93
BLE,1676582436661693459,DF:DF:EE:00:00:05,-94
BLE,1676582436672305527,DF:DF:EE:00:00:01,-77
BLE,1676582436714807049,DF:DF:EE:00:00:02,-94
BLE,1676582436928085063,DF:DF:EE:00:00:03,-85
BLE,1676582436962598982,DF:DF:EE:00:00:04,-94
BLE,1676582437174770594,DF:DF:EE:00:00:02,-86
BLE,1676582437423466931,DF:DF:EE:00:00:04,-94
BLE,1676582437671736941,DF:DF:EE:00:00:01,-79
BLE,1676582437716824845,DF:DF:EE:00:00:02,-85
BLE,1676582437921525306,DF:DF:EE:00:00:03,-84
BLE,1676582437963587792,DF:DF:EE:00:00:04,-94
BLE,1676582438175828778,DF:DF:EE:00:00:02,-93
BLE,1676582438670697903,DF:DF:EE:00:00:01,-86
BLE,1676582438679182458,DF:DF:EE:00:00:05,-90
BLE,1676582438708885607,DF:DF:EE:00:00:02,-86
BLE,1676582438964077358,DF:DF:EE:00:00:04,-93
BLE,1676582439171195787,DF:DF:EE:00:00:02,-84
BLE,1676582439689278022,DF:DF:EE:00:00:05,-90
BLE,1676582439714672062,DF:DF:EE:00:00:02,-84
BLE,1676582439928987479,DF:DF:EE:00:00:03,-86
BLE,1676582440170280164,DF:DF:EE:00:00:02,-86
BLE,1676582440419291664,DF:DF:EE:00:00:04,-93
BLE,1676582440674469333,DF:DF:EE:00:00:01,-85
BLE,1676582440696617665,DF:DF:EE:00:00:05,-94
BLE,1676582440711339679,DF:DF:EE:00:00:02,-85
BLE,1676582440927097577,DF:DF:EE:00:00:03,-95
BLE,1676582440959781978,DF:DF:EE:00:00:04,-94
BLE,1676582441674433240,DF:DF:EE:00:00:01,-78
BLE,1676582441708416415,DF:DF:EE:00:00:02,-94
BLE,1676582441713025646,DF:DF:EE:00:00:05,-91
BLE,1676582441926165121,DF:DF:EE:00:00:03,-85
BLE,1676582442420630584,DF:DF:EE:00:00:04,-92
BLE,1676582442673630032,DF:DF:EE:00:00:01,-85
BLE,1676582442710996746,DF:DF:EE:00:00:02,-85
BLE,1676582442721616022,DF:DF:EE:00:00:05,-95
BLE,1676582442929085238,DF:DF:EE:00:00:03,-96
BLE,1676582442960778236,DF:DF:EE:00:00:04,-94
BLE,1676582443170561296,DF:DF:EE:00:00:02,-92
BLE,1676582443676933478,DF:DF:EE:00:00:01,-79
BLE,1676582443716557037,DF:DF:EE:00:00:02,-84
BLE,1676582443738039878,DF:DF:EE:00:00:05,-91
BLE,1676582443920849879,DF:DF:EE:00:00:03,-94
BLE,1676582444425277544,DF:DF:EE:00:00:04,-95
BLE,1676582444676658013,DF:DF:EE:00:00:01,-86
BLE,1676582444715283169,DF:DF:EE:00:00:02,-87
BLE,1676582444751831269,DF:DF:EE:00:00:05,-91
BLE,1676582444926288046,DF:DF:EE:00:00:03,-86
BLE,1676582444959428858,DF:DF:EE:00:00:04,-94
BLE,1676582445170763482,DF:DF:EE:00:00:02,-92
BLE,1676582445675792806,DF:DF:EE:00:00:01,-76
BLE,1676582445717012761,DF:DF:EE:00:00:02,-83
BLE,1676582445761704378,DF:DF:EE:00:00:05,-92
BLE,1676582445924628767,DF:DF:EE:00:00:03,-94
BLE,1676582446176260649,DF:DF:EE:00:00:02,-86
BLE,1676582446927283429,DF:DF:EE:00:00:03,-88
BLE,1676582447173605882,DF:DF:EE:00:00:02,-93
BLE,1676582447669607659,DF:DF:EE:00:00:01,-86
BLE,1676582447716626287,DF:DF:EE:00:00:02,-93
BLE,1676582447781697760,DF:DF:EE:00:00:05,-93
BLE,1676582447921384539,DF:DF:EE:00:00:03,-94
BLE,1676582447957819057,DF:DF:EE:00:00:04,-93
BLE,1676582448921284322,DF:DF:EE:00:00:03,-85
BLE,1676582449175691875,DF:DF:EE:00:00:02,-92
BLE,1676582449419000451,DF:DF:EE:00:00:04,-92
BLE,1676582449671673403,DF:DF:EE:00:00:01,-86
BLE,1676582449710823802,DF:DF:EE:00:00:02,-85
BLE,1676582449804458231,DF:DF:EE:00:00:05,-94
BLE,1676582449927534687,DF:DF:EE:00:00:03,-96
BLE,1676582450176711143,DF:DF:EE:00:00:02,-84
BLE,1676582450672860418,DF:DF:EE:00:00:01,-77
BLE,1676582450715076569,DF:DF:EE:00:00:02,-85
BLE,1676582450812939608,DF:DF:EE:00:00:05,-93
BLE,1676582450929081906,DF:DF:EE:00:00:03,-87
BLE,1676582451425064684,DF:DF:EE:00:00:04,-94
BLE,1676582451669961238,DF:DF:EE:00:00:01,-78
BLE,1676582451824153533,DF:DF:EE:00:00:05,-95
BLE,1676582451919288609,DF:DF:EE:00:00:03,-87
BLE,1676582451967845175,DF:DF:EE:00:00:04,-96
BLE,1676582452174545652,DF:DF:EE:00:00:02,-84
BLE,1676582452672016784,DF:DF:EE:00:00:01,-62
BLE,1676582452835428166,DF:DF:EE:00:00:05,-94
BLE,1676582452922084645,DF:DF:EE:00:00:03,-82
BLE,1676582452959142780,DF:DF:EE:00:00:04,-96
BLE,1676582453176411158,DF:DF:EE:00:00:02,-72
BLE,1676582453426665517,DF:DF:EE:00:00:04,-95
BLE,1676582453677060124,DF:DF:EE:00:00:01,-76
BLE,1676582453711793998,DF:DF:EE:00:00:02,-75
BLE,1676582453850452123,DF:DF:EE:00:00:05,-94
BLE,1676582453926825406,DF:DF:EE:00:00:03,-77
BLE,1676582453959938260,DF:DF:EE:00:00:04,-93
BLE,1676582454172209079,DF:DF:EE:00:00:02,-93
BLE,1676582454672313051,DF:DF:EE:00:00:01,-76
BLE,1676582454714975946,DF:DF:EE:00:00:02,-94
BLE,1676582455171248664,DF:DF:EE:00:00:02,-84
BLE,1676582455677296767,DF:DF:EE:00:00:01,-86
BLE,1676582455712450885,DF:DF:EE:00:00:02,-83
BLE,1676582455880486331,DF:DF:EE:00:00:05,-94
BLE,1676582455928107243,DF:DF:EE:00:00:03,-87
BLE,1676582456671255211,DF:DF:EE:00:00:01,-85
BLE,1676582456708072850,DF:DF:EE:00:00:02,-85
BLE,1676582456894249389,DF:DF:EE:00:00:05,-93
BLE,1676582456922294351,DF:DF:EE:00:00:03,-95
BLE,1676582456957543802,DF:DF:EE:00:00:04,-93
BLE,1676582457424792501,DF:DF:EE:00:00:04,-83
BLE,1676582457673521838,DF:DF:EE:00:00:01,-79
BLE,1676582457713584433,DF:DF:EE:00:00:02,-83
BLE,1676582457921480060,DF:DF:EE:00:00:03,-86
BLE,1676582458172922987,DF:DF:EE:00:00:02,-86
BLE,1676582458424857990,DF:DF:EE:00:00:04,-95
BLE,1676582458678627594,DF:DF:EE:00:00:01,-77
BLE,1676582458709792515,DF:DF:EE:00:00:02,-86
BLE,1676582458914181147,DF:DF:EE:00:00:05,-93
BLE,1676582458920900058,DF:DF:EE:00:00:03,-87
BLE,1676582458965559092,DF:DF:EE:00:00:04,-95
BLE,1676582459175819230,DF:DF:EE:00:00:02,-85
BLE,1676582459671748466,DF:DF:EE:00:00:01,-76
BLE,1676582459717762566,DF:DF:EE:00:00:02,-83
BLE,1676582459925619985,DF:DF:EE:00:00:03,-86
BLE,1676582459928022245,DF:DF:EE:00:00:05,-94
BLE,1676582459929047940,DF:DF:EE:00:00:05,-96
BLE,1676582460169860965,DF:DF:EE:00:00:02,-86
BLE,1676582460424582390,DF:DF:EE:00:00:04,-93
BLE,1676582460672234699,DF:DF:EE:00:00:01,-86
BLE,1676582460713741359,DF:DF:EE:00:00:02,-87
BLE,1676582460922235395,DF:DF:EE:00:00:03,-87
BLE,1676582460936495373,DF:DF:EE:00:00:05,-93
BLE,1676582460957188349,DF:DF:EE:00:00:04,-93
BLE,1676582461671898485,DF:DF:EE:00:00:01,-77
BLE,1676582461708573459,DF:DF:EE:00:00:02,-93
BLE,1676582461950301680,DF:DF:EE:00:00:05,-95
BLE,1676582462172706365,DF:DF:EE:00:00:02,-85
BLE,1676582462422558396,DF:DF:EE:00:00:04,-91
BLE,1676582462672486300,DF:DF:EE:00:00:01,-78
BLE,1676582462922189250,DF:DF:EE:00:00:03,-87
BLE,1676582462959083929,DF:DF:EE:00:00:05,-96
BLE,1676582462960308829,DF:DF:EE:00:00:04,-93
BLE,1676582463169988516,DF:DF:EE:00:00:02,-92
BLE,1676582463676172158,DF:DF:EE:00:00:01,-76
BLE,1676582463710615995,DF:DF:EE:00:00:02,-94
BLE,1676582463924731623,DF:DF:EE:00:00:03,-93
BLE,1676582463958451510,DF:DF:EE:00:00:04,-95
BLE,1676582464678510200,DF:DF:EE:00:00:01,-86
BLE,1676582464926543505,DF:DF:EE:00:00:03,-87
BLE,1676582464966658141,DF:DF:EE:00:00:04,-94
BLE,1676582465168725345,DF:DF:EE:00:00:02,-85
BLE,1676582465419064745,DF:DF:EE:00:00:04,-95
BLE,1676582465677824449,DF:DF:EE:00:00:01,-76
BLE,1676582465710668640,DF:DF:EE:00:00:02,-86
BLE,1676582465926325456,DF:DF:EE:00:00:03,-83
BLE,1676582465995333586,DF:DF:EE:00:00:05,-90
BLE,1676582466169782030,DF:DF:EE:00:00:02,-84
BLE,1676582466675703925,DF:DF:EE:00:00:01,-78
BLE,1676582466707709752,DF:DF:EE:00:00:02,-93
BLE,1676582466920021404,DF:DF:EE:00:00:03,-86
BLE,1676582467000337051,DF:DF:EE:00:00:05,-95
BLE,1676582467176058020,DF:DF:EE:00:00:02,-93
BLE,1676582467425367933,DF:DF:EE:00:00:04,-95
BLE,1676582467670346569,DF:DF:EE:00:00:01,-86
BLE,1676582467711236154,DF:DF:EE:00:00:02,-86
BLE,1676582467921007423,DF:DF:EE:00:00:03,-86
BLE,1676582467962649539,DF:DF:EE:00:00:04,-96
BLE,1676582468011595975,DF:DF:EE:00:00:05,-95
BLE,1676582468670771428,DF:DF:EE:00:00:01,-76
BLE,1676582468709613957,DF:DF:EE:00:00:02,-93
BLE,1676582468925730267,DF:DF:EE:00:00:03,-85
BLE,1676582469017832382,DF:DF:EE:00:00:05,-94
BLE,1676582469426319149,DF:DF:EE:00:00:04,-94
BLE,1676582469669047274,DF:DF:EE:00:00:01,-78
BLE,1676582469713130442,DF:DF:EE:00:00:02,-86
BLE,1676582469927365526,DF:DF:EE:00:00:03,-94
BLE,1676582469957500461,DF:DF:EE:00:00:04,-93
BLE,1676582470034001908,DF:DF:EE:00:00:05,-93
BLE,1676582470170248732,DF:DF:EE:00:00:02,-93
BLE,1676582470420236886,DF:DF:EE:00:00:04,-96
BLE,1676582470671212027,DF:DF:EE:00:00:01,-76
BLE,1676582470717231460,DF:DF:EE:00:00:02,-85
BLE,1676582470921522093,DF:DF:EE:00:00:03,-94
BLE,1676582471046472817,DF:DF:EE:00:00:05,-93
BLE,1676582471423700830,DF:DF:EE:00:00:04,-94
BLE,1676582471671261225,DF:DF:EE:00:00:01,-78
BLE,1676582471712599678,DF:DF:EE:00:00:02,-86
BLE,1676582471920963840,DF:DF:EE:00:00:03,-85
BLE,1676582471965195422,DF:DF:EE:00:00:04,-94
BLE,1676582472063033546,DF:DF:EE:00:00:05,-95
BLE,1676582472174912275,DF:DF:EE:00:00:02,-93
BLE,1676582472421418808,DF:DF:EE:00:00:04,-95
BLE,1676582472670270894,DF:DF:EE:00:00:01,-86
BLE,1676582472924784113,DF:DF:EE:00:00:03,-95
BLE,1676582473075251499,DF:DF:EE:00:00:05,-95
BLE,1676582473171163606,DF:DF:EE:00:00:02,-85
BLE,1676582473918270356,DF:DF:EE:00:00:03,-85
BLE,1676582473962718893,DF:DF:EE:00:00:04,-93
BLE,1676582474086451633,DF:DF:EE:00:00:05,-93
BLE,1676582474167966555,DF:DF:EE:00:00:02,-85
BLE,1676582474668623395,DF:DF:EE:00:00:01,-85
BLE,1676582474709299358,DF:DF:EE:00:00:02,-87
BLE,1676582474918804422,DF:DF:EE:00:00:03,-87
BLE,1676582474962071266,DF:DF:EE:00:00:04,-95
BLE,1676582475091531097,DF:DF:EE:00:00:05,-95
BLE,1676582475175108825,DF:DF:EE:00:00:02,-85
BLE,1676582475922179783,DF:DF:EE:00:00:03,-85
BLE,1676582475966408865,DF:DF:EE:00:00:04,-95
BLE,1676582476101452997,DF:DF:EE:00:00:05,-94
BLE,1676582476171841358,DF:DF:EE:00:00:02,-85
BLE,1676582476425560713,DF:DF:EE:00:00:04,-96
BLE,1676582476673595309,DF:DF:EE:00:00:01,-86
BLE,1676582476920292423,DF:DF:EE:00:00:03,-87
BLE,1676582476965019624,DF:DF:EE:00:00:04,-95
BLE,1676582477112703171,DF:DF:EE:00:00:05,-95
BLE,1676582477172397049,DF:DF:EE:00:00:02,-84
BLE,1676582477670160386,DF:DF:EE:00:00:01,-77
BLE,1676582477717595217,DF:DF:EE:00:00:02,-83
BLE,1676582477958412867,DF:DF:EE:00:00:04,-96
BLE,1676582478177610637,DF:DF:EE:00:00:02,-92
BLE,1676582478427827662,DF:DF:EE:00:00:04,-94
BLE,1676582478674049241,DF:DF:EE:00:00:01,-86
BLE,1676582478710924920,DF:DF:EE:00:00:02,-86
BLE,1676582478917734437,DF:DF:EE:00:00:03,-85
BLE,1676582478961092905,DF:DF:EE:00:00:04,-93
BLE,1676582479178521531,DF:DF:EE:00:00:02,-84
BLE,1676582479715902136,DF:DF:EE:00:00:02,-84
BLE,1676582480175928055,DF:DF:EE:00:00:02,-86
BLE,1676582480424401312,DF:DF:EE:00:00:04,-93
BLE,1676582480674676671,DF:DF:EE:00:00:01,-86
BLE,1676582480918786985,DF:DF:EE:00:00:03,-85
BLE,1676582481170263870,DF:DF:EE:00:00:02,-93
BLE,1676582481420956473,DF:DF:EE:00:00:04,-94
BLE,1676582481675020906,DF:DF:EE:00:00:01,-76
BLE,1676582481717959047,DF:DF:EE:00:00:02,-84
BLE,1676582481922738173,DF:DF:EE:00:00:03,-94
BLE,1676582481959386105,DF:DF:EE:00:00:04,-96
BLE,1676582482677214492,DF:DF:EE:00:00:01,-85
BLE,1676582482715591318,DF:DF:EE:00:00:02,-84
BLE,1676582482919953991,DF:DF:EE:00:00:03,-87
BLE,1676582483169220613,DF:DF:EE:00:00:02,-85
BLE,1676582483424677569,DF:DF:EE:00:00:04,-95
BLE,1676582483673431406,DF:DF:EE:00:00:01,-85
BLE,1676582483674861429,DF:DF:EE:00:00:01,-76
BLE,1676582483715590266,DF:DF:EE:00:00:02,-94
BLE,1676582483923856971,DF:DF:EE:00:00:03,-94
BLE,1676582483963862442,DF:DF:EE:00:00:04,-95
BLE,1676582484171504448,DF:DF:EE:00:00:02,-83
BLE,1676582484669889901,DF:DF:EE:00:00:01,-77
BLE,1676582484712767001,DF:DF:EE:00:00:02,-84
BLE,1676582484920341091,DF:DF:EE:00:00:03,-84
BLE,1676582485215214860,DF:DF:EE:00:00:05,-95
BLE,1676582485426626398,DF:DF:EE:00:00:04,-96
BLE,1676582485674202792,DF:DF:EE:00:00:01,-86
BLE,1676582485922526927,DF:DF:EE:00:00:03,-88
BLE,1676582485958833905,DF:DF:EE:00:00:04,-94
BLE,1676582486232844991,DF:DF:EE:00:00:05,-95
BLE,1676582486670309917,DF:DF:EE:00:00:01,-77
BLE,1676582486707547300,DF:DF:EE:00:00:02,-93
BLE,1676582486919373458,DF:DF:EE:00:00:03,-83
BLE,1676582487169882230,DF:DF:EE:00:00:02,-85
BLE,1676582487239074815,DF:DF:EE:00:00:05,-93
BLE,1676582487427824654,DF:DF:EE:00:00:04,-94
BLE,1676582487676242037,DF:DF:EE:00:00:01,-86
BLE,1676582487709911175,DF:DF:EE:00:00:02,-85
BLE,1676582487917520347,DF:DF:EE:00:00:03,-85
BLE,1676582488170812457,DF:DF:EE:00:00:02,-93
BLE,1676582488672828071,DF:DF:EE:00:00:01,-76
BLE,1676582488711074233,DF:DF:EE:00:00:02,-94
BLE,1676582488925885601,DF:DF:EE:00:00:03,-86
BLE,1676582488959877944,DF:DF:EE:00:00:04,-95
BLE,1676582489174441358,DF:DF:EE:00:00:02,-86
BLE,1676582489259064406,DF:DF:EE:00:00:05,-91
BLE,1676582489420125277,DF:DF:EE:00:00:04,-94
BLE,1676582489672718479,DF:DF:EE:00:00:01,-78
BLE,1676582489925576095,DF:DF:EE:00:00:03,-87
BLE,1676582489961168500,DF:DF:EE:00:00:04,-93
BLE,1676582490168630924,DF:DF:EE:00:00:02,-87
BLE,1676582490271531606,DF:DF:EE:00:00:05,-91
BLE,1676582490422012075,DF:DF:EE:00:00:04,-96
BLE,1676582490673589041,DF:DF:EE:00:00:01,-76
BLE,1676582490708524121,DF:DF:EE:00:00:02,-87
BLE,1676582490918641302,DF:DF:EE:00:00:03,-87
BLE,1676582491173096771,DF:DF:EE:00:00:02,-83
BLE,1676582491282797196,DF:DF:EE:00:00:05,-91
BLE,1676582491674874764,DF:DF:EE:00:00:01,-78
BLE,1676582491922304410,DF:DF:EE:00:00:03,-85
BLE,1676582492175717310,DF:DF:EE:00:00:02,-93
BLE,1676582492290237379,DF:DF:EE:00:00:05,-94
BLE,1676582492424751476,DF:DF:EE:00:00:04,-94
BLE,1676582492678889659,DF:DF:EE:00:00:01,-76
BLE,1676582492707399574,DF:DF:EE:00:00:02,-85
BLE,1676582492920176094,DF:DF:EE:00:00:03,-86
BLE,1676582492957909054,DF:DF:EE:00:00:04,-93
BLE,1676582493307811512,DF:DF:EE:00:00:05,-91
BLE,1676582493670505759,DF:DF:EE:00:00:01,-77
BLE,1676582493707342397,DF:DF:EE:00:00:02,-92
BLE,1676582493921812812,DF:DF:EE:00:00:03,-85
BLE,1676582494168118015,DF:DF:EE:00:00:02,-85
BLE,1676582494418277750,DF:DF:EE:00:00:04,-94
BLE,1676582494677806111,DF:DF:EE:00:00:01,-76
BLE,1676582494713094561,DF:DF:EE:00:00:02,-85
BLE,1676582494921895718,DF:DF:EE:00:00:03,-87
BLE,1676582494964993106,DF:DF:EE:00:00:04,-95
BLE,1676582495334070644,DF:DF:EE:00:00:05,-91
BLE,1676582495672549837,DF:DF:EE:00:00:01,-77
BLE,1676582495713113884,DF:DF:EE:00:00:02,-84
BLE,1676582495920578350,DF:DF:EE:00:00:03,-95
BLE,1676582496172400063,DF:DF:EE:00:00:02,-86
BLE,1676582496417920526,DF:DF:EE:00:00:04,-94
BLE,1676582496921163249,DF:DF:EE:00:00:03,-87
BLE,1676582496957417103,DF:DF:EE:00:00:04,-93
BLE,1676582497172491343,DF:DF:EE:00:00:02,-94
BLE,1676582497713083364,DF:DF:EE:00:00:02,-94
BLE,1676582497922430222,DF:DF:EE:00:00:03,-94
BLE,1676582497956850517,DF:DF:EE:00:00:04,-95
BLE,1676582498169985158,DF:DF:EE:00:00:02,-84
BLE,1676582498369039110,DF:DF:EE:00:00:05,-91
BLE,1676582498670305627,DF:DF:EE:00:00:01,-79
BLE,1676582498709266654,DF:DF:EE:00:00:02,-85
BLE,1676582498926007664,DF:DF:EE:00:00:03,-86
BLE,1676582499172915942,DF:DF:EE:00:00:02,-93
BLE,1676582499374079741,DF:DF:EE:00:00:05,-94
BLE,1676582499418365114,DF:DF:EE:00:00:04,-94
BLE,1676582499677615729,DF:DF:EE:00:00:01,-77
BLE,1676582499709893844,DF:DF:EE:00:00:02,-93
BLE,1676582500171893654,DF:DF:EE:00:00:02,-82
BLE,1676582500389063575,DF:DF:EE:00:00:05,-95
BLE,1676582500672636284,DF:DF:EE:00:00:01,-78
BLE,1676582500711174650,DF:DF:EE:00:00:02,-83
BLE,1676582500921605618,DF:DF:EE:00:00:03,-85
BLE,1676582501174747356,DF:DF:EE:00:00:02,-93
BLE,1676582501395061402,DF:DF:EE:00:00:05,-94
BLE,1676582501421915088,DF:DF:EE:00:00:04,-94
BLE,1676582501670361096,DF:DF:EE:00:00:01,-85
BLE,1676582501715882369,DF:DF:EE:00:00:02,-93
BLE,1676582501923155129,DF:DF:EE:00:00:03,-94
BLE,1676582501963142642,DF:DF:EE:00:00:04,-95
BLE,1676582502707834257,DF:DF:EE:00:00:02,-93
BLE,1676582502919821288,DF:DF:EE:00:00:03,-84
BLE,1676582503172965067,DF:DF:EE:00:00:02,-85
BLE,1676582503424285328,DF:DF:EE:00:00:05,-93
BLE,1676582503673827321,DF:DF:EE:00:00:01,-86
BLE,1676582503711317867,DF:DF:EE:00:00:02,-86
BLE,1676582503918158467,DF:DF:EE:00:00:03,-86
BLE,1676582503955545889,DF:DF:EE:00:00:04,-93
BLE,1676582504169344063,DF:DF:EE:00:00:02,-93
BLE,1676582504439020498,DF:DF:EE:00:00:05,-95
BLE,1676582504669193956,DF:DF:EE:00:00:01,-76
BLE,1676582504717992019,DF:DF:EE:00:00:02,-84
BLE,1676582505175573970,DF:DF:EE:00:00:02,-86
BLE,1676582505445162365,DF:DF:EE:00:00:05,-95
BLE,1676582505669749188,DF:DF:EE:00:00:01,-79
BLE,1676582505714690677,DF:DF:EE:00:00:02,-85
BLE,1676582505925587681,DF:DF:EE:00:00:03,-87
BLE,1676582506169438708,DF:DF:EE:00:00:02,-92
BLE,1676582506421351836,DF:DF:EE:00:00:04,-95
BLE,1676582506457603149,DF:DF:EE:00:00:05,-93
BLE,1676582506668761399,DF:DF:EE:00:00:01,-86
BLE,1676582506712604320,DF:DF:EE:00:00:02,-92
BLE,1676582506957022547,DF:DF:EE:00:00:04,-94
BLE,1676582507175355244,DF:DF:EE:00:00:02,-85
BLE,1676582507422053025,DF:DF:EE:00:00:04,-93
BLE,1676582507473957006,DF:DF:EE:00:00:05,-94
BLE,1676582507669210217,DF:DF:EE:00:00:01,-79
BLE,1676582507918497880,DF:DF:EE:00:00:03,-86
BLE,1676582507963550242,DF:DF:EE:00:00:04,-93
BLE,1676582508170241718,DF:DF:EE:00:00:02,-93
BLE,1676582508488955256,DF:DF:EE:00:00:05,-95
BLE,1676582508677893008,DF:DF:EE:00:00:01,-76
BLE,1676582508713553495,DF:DF:EE:00:00:02,-93
BLE,1676582508960229818,DF:DF:EE:00:00:04,-96
BLE,1676582509498949863,DF:DF:EE:00:00:05,-93
BLE,1676582509677640126,DF:DF:EE:00:00:01,-85
BLE,1676582509715181588,DF:DF:EE:00:00:02,-85
BLE,1676582509919696385,DF:DF:EE:00:00:03,-85
BLE,1676582510177601809,DF:DF:EE:00:00:02,-93
BLE,1676582510420618638,DF:DF:EE:00:00:04,-94
BLE,1676582510511383939,DF:DF:EE:00:00:05,-94
BLE,1676582510670799831,DF:DF:EE:00:00:01,-85
BLE,1676582510709267865,DF:DF:EE:00:00:02,-86
BLE,1676582510917423030,DF:DF:EE:00:00:03,-87
BLE,1676582511172706364,DF:DF:EE:00:00:02,-83
BLE,1676582511517685178,DF:DF:EE:00:00:05,-93
BLE,1676582511669169968,DF:DF:EE:00:00:01,-77
BLE,1676582511712911640,DF:DF:EE:00:00:02,-83
BLE,1676582512171469370,DF:DF:EE:00:00:02,-86
BLE,1676582512424333152,DF:DF:EE:00:00:04,-96
BLE,1676582512528961436,DF:DF:EE:00:00:05,-83
BLE,1676582512921859742,DF:DF:EE:00:00:03,-87
BLE,1676582512963038906,DF:DF:EE:00:00:04,-84
BLE,1676582513173694663,DF:DF:EE:00:00:02,-68
BLE,1676582513417674688,DF:DF:EE:00:00:04,-96
BLE,1676582513538992126,DF:DF:EE:00:00:05,-77
BLE,1676582513673688637,DF:DF:EE:00:00:01,-60
BLE,1676582513717005148,DF:DF:EE:00:00:02,-70
BLE,1676582513923416545,DF:DF:EE:00:00:03,-72
BLE,1676582513956000364,DF:DF:EE:00:00:04,-96
BLE,1676582514175781417,DF:DF:EE:00:00:02,-74
BLE,1676582514418102381,DF:DF:EE:00:00:04,-93
BLE,1676582514550137052,DF:DF:EE:00:00:05,-91
BLE,1676582514673896958,DF:DF:EE:00:00:01,-86
BLE,1676582514711973579,DF:DF:EE:00:00:02,-85
BLE,1676582514927427982,DF:DF:EE:00:00:03,-95
BLE,1676582514958280532,DF:DF:EE:00:00:04,-93
BLE,1676582515173178275,DF:DF:EE:00:00:02,-92
BLE,1676582515418436699,DF:DF:EE:00:00:04,-95
BLE,1676582515558959842,DF:DF:EE:00:00:05,-92
BLE,1676582515670970653,DF:DF:EE:00:00:01,-76
BLE,1676582515707902665,DF:DF:EE:00:00:02,-93
BLE,1676582515922887740,DF:DF:EE:00:00:03,-94
BLE,1676582516572700650,DF:DF:EE:00:00:05,-91
BLE,1676582516672767494,DF:DF:EE:00:00:01,-78
BLE,1676582516709138930,DF:DF:EE:00:00:02,-83
BLE,1676582516923184767,DF:DF:EE:00:00:03,-87
BLE,1676582517174569194,DF:DF:EE:00:00:02,-93
BLE,1676582517422100214,DF:DF:EE:00:00:04,-96
BLE,1676582517587677192,DF:DF:EE:00:00:05,-90
BLE,1676582517673993509,DF:DF:EE:00:00:01,-76
BLE,1676582517707940227,DF:DF:EE:00:00:02,-84
BLE,1676582517922040564,DF:DF:EE:00:00:03,-97
BLE,1676582518169077840,DF:DF:EE:00:00:02,-83
BLE,1676582518423305938,DF:DF:EE:00:00:04,-94
BLE,1676582518673738877,DF:DF:EE:00:00:01,-78
BLE,1676582518709735985,DF:DF:EE:00:00:02,-85
BLE,1676582518918139563,DF:DF:EE:00:00:03,-84
BLE,1676582519175304831,DF:DF:EE:00:00:02,-93
BLE,1676582519424318081,DF:DF:EE:00:00:04,-93
BLE,1676582519608778392,DF:DF:EE:00:00:05,-91
BLE,1676582519668379105,DF:DF:EE:00:00:01,-85
BLE,1676582519716619592,DF:DF:EE:00:00:02,-93
BLE,1676582519925992533,DF:DF:EE:00:00:03,-97
BLE,1676582519954590571,DF:DF:EE:00:00:04,-92
BLE,1676582520170992252,DF:DF:EE:00:00:02,-84
BLE,1676582520617524100,DF:DF:EE:00:00:05,-93
BLE,1676582520674659345,DF:DF:EE:00:00:01,-79
BLE,1676582520711954102,DF:DF:EE:00:00:02,-84
BLE,1676582520923344224,DF:DF:EE:00:00:03,-86
BLE,1676582521419089713,DF:DF:EE:00:00:04,-93
BLE,1676582521630009841,DF:DF:EE:00:00:05,-94
BLE,1676582521675960484,DF:DF:EE:00:00:01,-86
BLE,1676582521710322946,DF:DF:EE:00:00:02,-85
BLE,1676582521926629545,DF:DF:EE:00:00:03,-95
BLE,1676582521963100313,DF:DF:EE:00:00:04,-94
BLE,1676582522173316118,DF:DF:EE:00:00:02,-84
BLE,1676582522638773465,DF:DF:EE:00:00:05,-93
BLE,1676582522713516894,DF:DF:EE:00:00:02,-85
BLE,1676582522923542451,DF:DF:EE:00:00:03,-86
BLE,1676582523422168818,DF:DF:EE:00:00:04,-91
BLE,1676582523646685225,DF:DF:EE:00:00:05,-94
BLE,1676582523673094918,DF:DF:EE:00:00:01,-86
BLE,1676582523715128946,DF:DF:EE:00:00:02,-85
BLE,1676582523920448898,DF:DF:EE:00:00:03,-87
BLE,1676582523965368138,DF:DF:EE:00:00:04,-95
BLE,1676582524176704053,DF:DF:EE:00:00:02,-83
BLE,1676582524417316247,DF:DF:EE:00:00:04,-94
BLE,1676582524676074243,DF:DF:EE:00:00:01,-76
BLE,1676582524717217491,DF:DF:EE:00:00:02,-85
BLE,1676582524919148655,DF:DF:EE:00:00:03,-96
BLE,1676582524959158668,DF:DF:EE:00:00:04,-96
BLE,1676582525168861896,DF:DF:EE:00:00:02,-83
BLE,1676582525675955235,DF:DF:EE:00:00:01,-86
BLE,1676582525918908482,DF:DF:EE:00:00:03,-85
BLE,1676582526174710017,DF:DF:EE:00:00:02,-94
BLE,1676582526422969860,DF:DF:EE:00:00:04,-93
BLE,1676582526670102302,DF:DF:EE:00:00:01,-86
BLE,1676582526676218429,DF:DF:EE:00:00:05,-92
BLE,1676582526714493840,DF:DF:EE:00:00:02,-92
BLE,1676582526917604738,DF:DF:EE:00:00:03,-87
BLE,1676582526955578903,DF:DF:EE:00:00:04,-94
BLE,1676582527682466086,DF:DF:EE:00:00:05,-94
BLE,1676582527709837558,DF:DF:EE:00:00:02,-84
BLE,1676582527920802644,DF:DF:EE:00:00:03,-85
BLE,1676582528173825300,DF:DF:EE:00:00:02,-94
BLE,1676582528424764983,DF:DF:EE:00:00:04,-95
BLE,1676582528670959853,DF:DF:EE:00:00:01,-86
BLE,1676582528920576762,DF:DF:EE:00:00:03,-86
BLE,1676582529171961064,DF:DF:EE:00:00:02,-83
BLE,1676582529668777080,DF:DF:EE:00:00:01,-76
BLE,1676582529704955352,DF:DF:EE:00:00:05,-93
BLE,1676582529713357991,DF:DF:EE:00:00:02,-83
BLE,1676582529917756497,DF:DF:EE:00:00:03,-94
BLE,1676582530169345838,DF:DF:EE:00:00:02,-85
BLE,1676582530425059458,DF:DF:EE:00:00:04,-95
BLE,1676582530666727972,DF:DF:EE:00:00:01,-79
BLE,1676582530710561351,DF:DF:EE:00:00:02,-85
BLE,1676582530720027351,DF:DF:EE:00:00:05,-94
BLE,1676582530918692225,DF:DF:EE:00:00:03,-86
BLE,1676582531176022157,DF:DF:EE:00:00:02,-84
BLE,1676582531717282877,DF:DF:EE:00:00:02,-83
BLE,1676582531726233175,DF:DF:EE:00:00:05,-94
BLE,1676582531920523607,DF:DF:EE:00:00:03,-95
BLE,1676582531957855864,DF:DF:EE:00:00:04,-94
BLE,1676582532418548066,DF:DF:EE:00:00:04,-93
BLE,1676582532674932718,DF:DF:EE:00:00:01,-86
BLE,1676582532712337599,DF:DF:EE:00:00:02,-85
BLE,1676582532737495683,DF:DF:EE:00:00:05,-93
BLE,1676582532918728579,DF:DF:EE:00:00:03,-85
BLE,1676582533675669823,DF:DF:EE:00:00:01,-76
BLE,1676582533958006966,DF:DF:EE:00:00:04,-94
BLE,1676582534171550810,DF:DF:EE:00:00:02,-84
BLE,1676582534672438356,DF:DF:EE:00:00:01,-78
BLE,1676582534710965930,DF:DF:EE:00:00:02,-83
BLE,1676582534920576326,DF:DF:EE:00:00:03,-84
BLE,1676582535416851724,DF:DF:EE:00:00:04,-92
BLE,1676582535676904661,DF:DF:EE:00:00:01,-77
BLE,1676582535706851307,DF:DF:EE:00:00:02,-85
BLE,1676582535920704230,DF:DF:EE:00:00:03,-94
BLE,1676582535961760354,DF:DF:EE:00:00:04,-94
BLE,1676582536173242309,DF:DF:EE:00:00:02,-70
BLE,1676582536712404849,DF:DF:EE:00:00:02,-84
BLE,1676582536779915831,DF:DF:EE:00:00:05,-92
BLE,1676582536925786445,DF:DF:EE:00:00:03,-87
BLE,1676582537169962050,DF:DF:EE:00:00:02,-86
BLE,1676582537422293548,DF:DF:EE:00:00:04,-95
BLE,1676582537710324449,DF:DF:EE:00:00:02,-71
BLE,1676582537788679122,DF:DF:EE:00:00:05,-91
BLE,1676582537925997973,DF:DF:EE:00:00:03,-94
BLE,1676582537961238549,DF:DF:EE:00:00:04,-95
BLE,1676582538176358497,DF:DF:EE:00:00:02,-83
BLE,1676582538670119679,DF:DF:EE:00:00:01,-75
BLE,1676582538803691830,DF:DF:EE:00:00:05,-91
BLE,1676582538921843935,DF:DF:EE:00:00:03,-85
BLE,1676582539171422344,DF:DF:EE:00:00:02,-86
BLE,1676582539671996227,DF:DF:EE:00:00:01,-86
BLE,1676582539809903987,DF:DF:EE:00:00:05,-94
BLE,1676582539916673201,DF:DF:EE:00:00:03,-84
BLE,1676582539955972473,DF:DF:EE:00:00:04,-92
BLE,1676582540169534025,DF:DF:EE:00:00:02,-82
BLE,1676582540674092397,DF:DF:EE:00:00:01,-76
BLE,1676582540717514948,DF:DF:EE:00:00:02,-83
BLE,1676582540823743544,DF:DF:EE:00:00:05,-93
BLE,1676582540917224058,DF:DF:EE:00:00:03,-95
BLE,1676582541420656862,DF:DF:EE:00:00:04,-92
BLE,1676582541672280453,DF:DF:EE:00:00:01,-79
BLE,1676582541713681197,DF:DF:EE:00:00:02,-86
BLE,1676582541833631112,DF:DF:EE:00:00:05,-94
BLE,1676582541918764570,DF:DF:EE:00:00:03,-84
BLE,1676582542177738480,DF:DF:EE:00:00:02,-84
BLE,1676582542672550564,DF:DF:EE:00:00:01,-76
BLE,1676582542711155720,DF:DF:EE:00:00:02,-94
BLE,1676582542844948118,DF:DF:EE:00:00:05,-93
BLE,1676582543421136294,DF:DF:EE:00:00:04,-94
BLE,1676582543715335363,DF:DF:EE:00:00:02,-85
BLE,1676582543852540716,DF:DF:EE:00:00:05,-95
BLE,1676582543917389109,DF:DF:EE:00:00:03,-84
BLE,1676582543962416014,DF:DF:EE:00:00:04,-94
BLE,1676582544171297628,DF:DF:EE:00:00:02,-93
BLE,1676582544675228841,DF:DF:EE:00:00:01,-76
BLE,1676582544713489836,DF:DF:EE:00:00:02,-93
BLE,1676582544868817366,DF:DF:EE:00:00:05,-94
BLE,1676582544926668726,DF:DF:EE:00:00:03,-94
BLE,1676582544956165919,DF:DF:EE:00:00:04,-93
BLE,1676582545176308759,DF:DF:EE:00:00:02,-86
BLE,1676582545710181078,DF:DF:EE:00:00:02,-84
BLE,1676582545877556907,DF:DF:EE:00:00:05,-95
BLE,1676582545922555812,DF:DF:EE:00:00:03,-85
BLE,1676582546175149640,DF:DF:EE:00:00:02,-92
BLE,1676582546420692602,DF:DF:EE:00:00:04,-94
BLE,1676582546677546915,DF:DF:EE:00:00:01,-77
BLE,1676582546707859723,DF:DF:EE:00:00:02,-86
BLE,1676582546918400232,DF:DF:EE:00:00:03,-87
BLE,1676582547169497079,DF:DF:EE:00:00:02,-93
BLE,1676582547708213625,DF:DF:EE:00:00:02,-93
BLE,1676582548168394083,DF:DF:EE:00:00:02,-85
BLE,1676582548417364584,DF:DF:EE:00:00:04,-92
BLE,1676582548667662567,DF:DF:EE:00:00:01,-67
BLE,1676582548921537170,DF:DF:EE:00:00:03,-86
BLE,1676582549173884167,DF:DF:EE:00:00:02,-84
BLE,1676582549673251650,DF:DF:EE:00:00:01,-76
BLE,1676582549709590169,DF:DF:EE:00:00:02,-93
BLE,1676582549921245705,DF:DF:EE:00:00:05,-90
BLE,1676582550173312040,DF:DF:EE:00:00:02,-86
BLE,1676582550670422802,DF:DF:EE:00:00:01,-78
BLE,1676582550708450424,DF:DF:EE:00:00:02,-84
BLE,1676582550916982459,DF:DF:EE:00:00:03,-85
BLE,1676582550962093363,DF:DF:EE:00:00:04,-93
BLE,1676582551172733745,DF:DF:EE:00:00:02,-93
BLE,1676582551419064531,DF:DF:EE:00:00:04,-95
BLE,1676582551673933787,DF:DF:EE:00:00:01,-76
BLE,1676582551705529786,DF:DF:EE:00:00:02,-85
BLE,1676582551957632328,DF:DF:EE:00:00:04,-93
BLE,1676582552171503918,DF:DF:EE:00:00:02,-84
BLE,1676582552422379602,DF:DF:EE:00:00:04,-93
BLE,1676582552671536850,DF:DF:EE:00:00:01,-78
BLE,1676582552711262408,DF:DF:EE:00:00:02,-83
BLE,1676582552925199580,DF:DF:EE:00:00:03,-86
BLE,1676582552958862802,DF:DF:EE:00:00:05,-91
BLE,1676582552962184883,DF:DF:EE:00:00:04,-93
BLE,1676582553169571350,DF:DF:EE:00:00:02,-86
BLE,1676582553421463645,DF:DF:EE:00:00:04,-95
BLE,1676582553667580892,DF:DF:EE:00:00:01,-86
BLE,1676582553714832517,DF:DF:EE:00:00:02,-94
BLE,1676582553926005434,DF:DF:EE:00:00:03,-96
BLE,1676582553962602617,DF:DF:EE:00:00:04,-94
BLE,1676582554713331985,DF:DF:EE:00:00:02,-83
BLE,1676582554920251958,DF:DF:EE:00:00:03,-85
BLE,1676582554983798243,DF:DF:EE:00:00:05,-92
BLE,1676582555170516692,DF:DF:EE:00:00:02,-86
BLE,1676582555422667817,DF:DF:EE:00:00:04,-94
BLE,1676582555676928915,DF:DF:EE:00:00:01,-75
BLE,1676582555921391767,DF:DF:EE:00:00:03,-86
BLE,1676582555958534276,DF:DF:EE:00:00:04,-93
BLE,1676582556175324368,DF:DF:EE:00:00:02,-83
BLE,1676582556712750889,DF:DF:EE:00:00:02,-83
BLE,1676582556921388590,DF:DF:EE:00:00:03,-85
BLE,1676582557011306443,DF:DF:EE:00:00:05,-93
BLE,1676582557416914331,DF:DF:EE:00:00:04,-93
BLE,1676582557667792140,DF:DF:EE:00:00:01,-78
BLE,1676582557708593267,DF:DF:EE:00:00:02,-86
BLE,1676582557915500574,DF:DF:EE:00:00:03,-85
BLE,1676582557964047932,DF:DF:EE:00:00:04,-94
BLE,1676582558025068584,DF:DF:EE:00:00:05,-93
BLE,1676582558177724774,DF:DF:EE:00:00:02,-83
BLE,1676582558709181749,DF:DF:EE:00:00:02,-94
BLE,1676582559418913659,DF:DF:EE:00:00:04,-93
BLE,1676582559673849831,DF:DF:EE:00:00:01,-86
BLE,1676582559714041966,DF:DF:EE:00:00:02,-86
BLE,1676582559914204821,DF:DF:EE:00:00:03,-85
BLE,1676582559961602152,DF:DF:EE:00:00:04,-92
BLE,1676582560068812694,DF:DF:EE:00:00:05,-91
BLE,1676582560169763984,DF:DF:EE:00:00:02,-93
BLE,1676582560419935052,DF:DF:EE:00:00:04,-95
BLE,1676582560917162355,DF:DF:EE:00:00:03,-86
BLE,1676582560957562612,DF:DF:EE:00:00:04,-93
BLE,1676582561171015166,DF:DF:EE:00:00:02,-85
BLE,1676582561423820449,DF:DF:EE:00:00:04,-92
BLE,1676582561673266068,DF:DF:EE:00:00:01,-65
BLE,1676582561715030891,DF:DF:EE:00:00:02,-85
BLE,1676582562073792774,DF:DF:EE:00:00:05,-94
BLE,1676582562171317526,DF:DF:EE:00:00:02,-93
BLE,1676582562423044741,DF:DF:EE:00:00:04,-94
BLE,1676582562676213269,DF:DF:EE:00:00:01,-77
BLE,1676582562705990542,DF:DF:EE:00:00:02,-86
BLE,1676582562921149948,DF:DF:EE:00:00:03,-96
BLE,1676582562962324612,DF:DF:EE:00:00:04,-94
BLE,1676582563086335181,DF:DF:EE:00:00:05,-92
BLE,1676582563674495032,DF:DF:EE:00:00:01,-78
BLE,1676582563922044884,DF:DF:EE:00:00:03,-84
BLE,1676582564095076305,DF:DF:EE:00:00:05,-90
BLE,1676582564175156830,DF:DF:EE:00:00:02,-93
BLE,1676582564414814371,DF:DF:EE:00:00:04,-93
BLE,1676582564677279443,DF:DF:EE:00:00:01,-77
BLE,1676582564921023846,DF:DF:EE:00:00:03,-86
BLE,1676582564959560837,DF:DF:EE:00:00:04,-91
BLE,1676582564961132649,DF:DF:EE:00:00:04,-95
BLE,1676582565106299147,DF:DF:EE:00:00:05,-90
BLE,1676582565174897657,DF:DF:EE:00:00:02,-84
BLE,1676582565668324843,DF:DF:EE:00:00:01,-76
BLE,1676582565707449409,DF:DF:EE:00:00:02,-93
BLE,1676582565916435063,DF:DF:EE:00:00:03,-95
BLE,1676582566116226047,DF:DF:EE:00:00:05,-90
BLE,1676582566172502178,DF:DF:EE:00:00:02,-87
BLE,1676582566425129089,DF:DF:EE:00:00:04,-95
BLE,1676582566672903230,DF:DF:EE:00:00:01,-86
BLE,1676582566915339651,DF:DF:EE:00:00:03,-84
BLE,1676582566959032448,DF:DF:EE:00:00:04,-92
BLE,1676582567131218505,DF:DF:EE:00:00:05,-91
BLE,1676582567170362488,DF:DF:EE:00:00:02,-92
BLE,1676582567671772110,DF:DF:EE:00:00:01,-76
BLE,1676582567710463890,DF:DF:EE:00:00:02,-91
BLE,1676582567920867234,DF:DF:EE:00:00:03,-95
BLE,1676582568672395758,DF:DF:EE:00:00:01,-78
BLE,1676582568915225507,DF:DF:EE:00:00:03,-84
BLE,1676582569168846279,DF:DF:EE:00:00:02,-93
BLE,1676582569413796125,DF:DF:EE:00:00:04,-94
BLE,1676582569669972155,DF:DF:EE:00:00:01,-85
BLE,1676582569705371729,DF:DF:EE:00:00:02,-86
BLE,1676582569923824633,DF:DF:EE:00:00:03,-96
BLE,1676582569953663197,DF:DF:EE:00:00:04,-92
BLE,1676582570169963879,DF:DF:EE:00:00:05,-90
BLE,1676582570175934217,DF:DF:EE:00:00:02,-86
BLE,1676582570672974230,DF:DF:EE:00:00:01,-78
BLE,1676582570714921426,DF:DF:EE:00:00:02,-85
BLE,1676582571175963373,DF:DF:EE:00:00:02,-93
BLE,1676582571424251716,DF:DF:EE:00:00:04,-94
BLE,1676582571675348730,DF:DF:EE:00:00:01,-76
BLE,1676582571708843121,DF:DF:EE:00:00:02,-76
BLE,1676582571916842080,DF:DF:EE:00:00:03,-87
BLE,1676582571956169393,DF:DF:EE:00:00:04,-94
BLE,1676582572672778337,DF:DF:EE:00:00:01,-68
BLE,1676582572713042347,DF:DF:EE:00:00:02,-84
BLE,1676582572919467243,DF:DF:EE:00:00:03,-75
BLE,1676582573166808348,DF:DF:EE:00:00:02,-85
BLE,1676582573211486425,DF:DF:EE:00:00:05,-85
BLE,1676582573421476649,DF:DF:EE:00:00:04,-85
BLE,1676582573666416453,DF:DF:EE:00:00:01,-78
BLE,1676582573715730843,DF:DF:EE:00:00:02,-95
BLE,1676582573916321524,DF:DF:EE:00:00:03,-73
BLE,1676582573961602926,DF:DF:EE:00:00:04,-83
BLE,1676582574173213295,DF:DF:EE:00:00:02,-68
BLE,1676582574675012162,DF:DF:EE:00:00:01,-64
BLE,1676582574706638619,DF:DF:EE:00:00:02,-93
BLE,1676582574919529263,DF:DF:EE:00:00:03,-95
BLE,1676582575173663654,DF:DF:EE:00:00:02,-86
BLE,1676582575232503835,DF:DF:EE:00:00:05,-91
BLE,1676582575418435627,DF:DF:EE:00:00:04,-96
BLE,1676582575709123993,DF:DF:EE:00:00:02,-85
BLE,1676582575914270698,DF:DF:EE:00:00:03,-84
BLE,1676582575962554184,DF:DF:EE:00:00:04,-92
BLE,1676582576171274050,DF:DF:EE:00:00:02,-93
BLE,1676582576238675159,DF:DF:EE:00:00:05,-93
BLE,1676582576709416020,DF:DF:EE:00:00:02,-92
BLE,1676582576920726102,DF:DF:EE:00:00:03,-97
BLE,1676582576956918040,DF:DF:EE:00:00:04,-95
BLE,1676582577175709065,DF:DF:EE:00:00:02,-86
BLE,1676582577254995642,DF:DF:EE:00:00:05,-90
BLE,1676582577420366789,DF:DF:EE:00:00:04,-92
BLE,1676582577667304192,DF:DF:EE:00:00:01,-78
BLE,1676582577713955158,DF:DF:EE:00:00:02,-85
BLE,1676582577915855198,DF:DF:EE:00:00:03,-84
BLE,1676582578171324654,DF:DF:EE:00:00:02,-92
BLE,1676582578263815682,DF:DF:EE:00:00:05,-94
BLE,1676582578421885884,DF:DF:EE:00:00:04,-94
BLE,1676582578668364417,DF:DF:EE:00:00:01,-86
BLE,1676582578713308865,DF:DF:EE:00:00:02,-94
BLE,1676582578919016896,DF:DF:EE:00:00:03,-96
BLE,1676582579171956511,DF:DF:EE:00:00:02,-83
BLE,1676582579279823335,DF:DF:EE:00:00:05,-91
BLE,1676582579422526240,DF:DF:EE:00:00:04,-92
BLE,1676582579709335241,DF:DF:EE:00:00:02,-83
BLE,1676582580167018232,DF:DF:EE:00:00:02,-85
BLE,1676582580286071200,DF:DF:EE:00:00:05,-94
BLE,1676582580416517768,DF:DF:EE:00:00:04,-93
BLE,1676582580668196941,DF:DF:EE:00:00:01,-86
BLE,1676582580711969112,DF:DF:EE:00:00:02,-93
BLE,1676582580923121821,DF:DF:EE:00:00:03,-84
BLE,1676582580962243179,DF:DF:EE:00:00:04,-94
BLE,1676582581171515871,DF:DF:EE:00:00:02,-83
BLE,1676582581298557358,DF:DF:EE:00:00:05,-94
BLE,1676582582166976671,DF:DF:EE:00:00:02,-85
BLE,1676582582303503991,DF:DF:EE:00:00:05,-94
BLE,1676582582423203159,DF:DF:EE:00:00:04,-94
BLE,1676582582676761682,DF:DF:EE:00:00:01,-76
BLE,1676582582713920358,DF:DF:EE:00:00:02,-93
BLE,1676582582924268619,DF:DF:EE:00:00:03,-95
BLE,1676582582958577874,DF:DF:EE:00:00:04,-93
BLE,1676582583176489785,DF:DF:EE:00:00:02,-84
BLE,1676582583312367614,DF:DF:EE:00:00:05,-91
BLE,1676582583414476306,DF:DF:EE:00:00:04,-95
BLE,1676582583674031583,DF:DF:EE:00:00:01,-78
BLE,1676582583706485904,DF:DF:EE:00:00:02,-93
BLE,1676582583917754445,DF:DF:EE:00:00:03,-96
BLE,1676582584673309207,DF:DF:EE:00:00:01,-86
BLE,1676582584711359829,DF:DF:EE:00:00:02,-74
BLE,1676582584920895101,DF:DF:EE:00:00:03,-87
BLE,1676582584957817072,DF:DF:EE:00:00:04,-93
BLE,1676582585171665245,DF:DF:EE:00:00:02,-93
BLE,1676582585418252110,DF:DF:EE:00:00:04,-93
BLE,1676582585669491748,DF:DF:EE:00:00:01,-75
BLE,1676582585715770552,DF:DF:EE:00:00:02,-84
BLE,1676582585921973410,DF:DF:EE:00:00:03,-96
BLE,1676582585957443858,DF:DF:EE:00:00:04,-94
BLE,1676582586353555080,DF:DF:EE:00:00:05,-94
BLE,1676582586422729457,DF:DF:EE:00:00:04,-93
BLE,1676582586675907319,DF:DF:EE:00:00:01,-86
BLE,1676582586713977024,DF:DF:EE:00:00:02,-85
BLE,1676582586918215658,DF:DF:EE:00:00:03,-85
BLE,1676582587669028858,DF:DF:EE:00:00:01,-85
BLE,1676582587709013538,DF:DF:EE:00:00:02,-92
BLE,1676582587921154900,DF:DF:EE:00:00:03,-95
BLE,1676582587958578781,DF:DF:EE:00:00:04,-95
BLE,1676582588169527617,DF:DF:EE:00:00:02,-83
BLE,1676582588377235663,DF:DF:EE:00:00:05,-93
BLE,1676582588422285276,DF:DF:EE:00:00:04,-93
BLE,1676582588676608789,DF:DF:EE:00:00:01,-86
BLE,1676582588708035541,DF:DF:EE:00:00:02,-83
BLE,1676582588921656675,DF:DF:EE:00:00:03,-86
BLE,1676582589171589121,DF:DF:EE:00:00:02,-92
BLE,1676582589385988829,DF:DF:EE:00:00:05,-91
BLE,1676582589676918025,DF:DF:EE:00:00:01,-76
BLE,1676582589715015146,DF:DF:EE:00:00:02,-92
BLE,1676582589921935203,DF:DF:EE:00:00:03,-94
BLE,1676582589954571897,DF:DF:EE:00:00:04,-95
BLE,1676582590174632946,DF:DF:EE:00:00:02,-83
BLE,1676582590395980020,DF:DF:EE:00:00:05,-91
BLE,1676582590674887542,DF:DF:EE:00:00:01,-78
BLE,1676582590707290530,DF:DF:EE:00:00:02,-93
BLE,1676582590917093882,DF:DF:EE:00:00:03,-97
BLE,1676582591170041788,DF:DF:EE:00:00:02,-86
BLE,1676582591402173511,DF:DF:EE:00:00:05,-94
BLE,1676582591672079360,DF:DF:EE:00:00:01,-85
BLE,1676582591709128954,DF:DF:EE:00:00:02,-85
BLE,1676582591914595071,DF:DF:EE:00:00:03,-85
BLE,1676582591960013554,DF:DF:EE:00:00:04,-94
BLE,1676582592176588233,DF:DF:EE:00:00:02,-83
BLE,1676582592413480560,DF:DF:EE:00:00:05,-93
BLE,1676582592670331748,DF:DF:EE:00:00:01,-76
BLE,1676582592708161790,DF:DF:EE:00:00:02,-94
BLE,1676582592922449749,DF:DF:EE:00:00:03,-84
BLE,1676582593172503569,DF:DF:EE:00:00:02,-85
BLE,1676582593420988409,DF:DF:EE:00:00:04,-93
BLE,1676582593427218368,DF:DF:EE:00:00:05,-94
BLE,1676582593665821589,DF:DF:EE:00:00:01,-78
BLE,1676582593709637927,DF:DF:EE:00:00:02,-86
BLE,1676582593957324028,DF:DF:EE:00:00:04,-93
BLE,1676582594419766915,DF:DF:EE:00:00:04,-96
BLE,1676582594440975926,DF:DF:EE:00:00:05,-83
BLE,1676582594674866084,DF:DF:EE:00:00:01,-75
BLE,1676582594714328479,DF:DF:EE:00:00:02,-84
BLE,1676582594959251742,DF:DF:EE:00:00:04,-94
BLE,1676582595168272021,DF:DF:EE:00:00:02,-83
BLE,1676582595447254833,DF:DF:EE:00:00:05,-94
BLE,1676582595671130957,DF:DF:EE:00:00:01,-65
BLE,1676582595707098773,DF:DF:EE:00:00:02,-83
BLE,1676582595915042441,DF:DF:EE:00:00:03,-85
BLE,1676582595961679575,DF:DF:EE:00:00:04,-93
BLE,1676582596172506871,DF:DF:EE:00:00:02,-92
BLE,1676582596413419312,DF:DF:EE:00:00:04,-93
BLE,1676582596458477091,DF:DF:EE:00:00:05,-93
BLE,1676582596668015821,DF:DF:EE:00:00:01,-86
BLE,1676582596709693812,DF:DF:EE:00:00:02,-92
BLE,1676582596958556314,DF:DF:EE:00:00:04,-94
BLE,1676582597170519137,DF:DF:EE:00:00:02,-83
BLE,1676582597671724345,DF:DF:EE:00:00:01,-78
BLE,1676582597714258158,DF:DF:EE:00:00:02,-74
BLE,1676582598174567782,DF:DF:EE:00:00:02,-92
BLE,1676582598414674441,DF:DF:EE:00:00:04,-94
BLE,1676582598482195090,DF:DF:EE:00:00:05,-93
BLE,1676582598706393293,DF:DF:EE:00:00:02,-86
BLE,1676582598918463657,DF:DF:EE:00:00:03,-87
BLE,1676582598960686099,DF:DF:EE:00:00:04,-95
BLE,1676582599169587421,DF:DF:EE:00:00:02,-83
BLE,1676582599414193896,DF:DF:EE:00:00:04,-95
BLE,1676582599499739598,DF:DF:EE:00:00:05,-94
BLE,1676582599668256371,DF:DF:EE:00:00:01,-76
BLE,1676582599711762462,DF:DF:EE:00:00:02,-83
BLE,1676582599916321925,DF:DF:EE:00:00:03,-96
BLE,1676582600419745854,DF:DF:EE:00:00:04,-94
BLE,1676582600505944006,DF:DF:EE:00:00:05,-94
BLE,1676582600674820482,DF:DF:EE:00:00:01,-85
BLE,1676582600711760619,DF:DF:EE:00:00:02,-86
BLE,1676582600921050019,DF:DF:EE:00:00:03,-86
BLE,1676582600957561619,DF:DF:EE:00:00:04,-93
BLE,1676582601175820276,DF:DF:EE:00:00:02,-84
BLE,1676582601517185430,DF:DF:EE:00:00:05,-93
BLE,1676582601671484349,DF:DF:EE:00:00:01,-76
BLE,1676582601711778150,DF:DF:EE:00:00:02,-69
BLE,1676582601922283909,DF:DF:EE:00:00:03,-86
BLE,1676582601952652507,DF:DF:EE:00:00:04,-95
BLE,1676582602172678724,DF:DF:EE:00:00:02,-85
BLE,1676582602667196646,DF:DF:EE:00:00:01,-79
BLE,1676582602707229491,DF:DF:EE:00:00:02,-83
BLE,1676582602920869167,DF:DF:EE:00:00:03,-87
BLE,1676582603177165321,DF:DF:EE:00:00:02,-82
BLE,1676582603542241954,DF:DF:EE:00:00:05,-94
BLE,1676582603708562047,DF:DF:EE:00:00:02,-93
BLE,1676582603919280428,DF:DF:EE:00:00:03,-96
BLE,1676582603954285174,DF:DF:EE:00:00:04,-95
BLE,1676582604670106087,DF:DF:EE:00:00:01,-79
BLE,1676582604708527079,DF:DF:EE:00:00:02,-83
BLE,1676582605174869998,DF:DF:EE:00:00:02,-94
BLE,1676582605416944173,DF:DF:EE:00:00:04,-94
BLE,1676582605564790843,DF:DF:EE:00:00:05,-91
BLE,1676582605673616363,DF:DF:EE:00:00:01,-77
BLE,1676582605713400004,DF:DF:EE:00:00:02,-94
BLE,1676582605914809383,DF:DF:EE:00:00:03,-86
BLE,1676582605953115044,DF:DF:EE:00:00:04,-93
BLE,1676582606673599020,DF:DF:EE:00:00:01,-78
BLE,1676582606709275257,DF:DF:EE:00:00:02,-83
BLE,1676582606918477408,DF:DF:EE:00:00:03,-86
BLE,1676582607168350688,DF:DF:EE:00:00:02,-86
BLE,1676582607415110218,DF:DF:EE:00:00:04,-94
BLE,1676582607667756754,DF:DF:EE:00:00:01,-85
BLE,1676582607705304841,DF:DF:EE:00:00:02,-87
BLE,1676582607916883044,DF:DF:EE:00:00:03,-86
BLE,1676582607961162250,DF:DF:EE:00:00:04,-94
BLE,1676582608602305942,DF:DF:EE:00:00:05,-92
BLE,1676582608668702481,DF:DF:EE:00:00:01,-76
BLE,1676582608707113723,DF:DF:EE:00:00:02,-93
BLE,1676582609609876040,DF:DF:EE:00:00:05,-91
BLE,1676582609666393626,DF:DF:EE:00:00:01,-78
BLE,1676582609715680975,DF:DF:EE:00:00:02,-93
BLE,1676582609920671223,DF:DF:EE:00:00:03,-87
BLE,1676582610174758031,DF:DF:EE:00:00:02,-83
BLE,1676582610617335681,DF:DF:EE:00:00:05,-94
BLE,1676582610670641685,DF:DF:EE:00:00:01,-76
BLE,1676582610715305469,DF:DF:EE:00:00:02,-83
BLE,1676582611174365860,DF:DF:EE:00:00:02,-86
BLE,1676582611419157999,DF:DF:EE:00:00:04,-93
BLE,1676582611631065448,DF:DF:EE:00:00:05,-93
BLE,1676582611669417816,DF:DF:EE:00:00:01,-78
BLE,1676582611711242805,DF:DF:EE:00:00:02,-86
BLE,1676582611919501260,DF:DF:EE:00:00:03,-87
BLE,1676582612176855567,DF:DF:EE:00:00:02,-84
BLE,1676582612417763507,DF:DF:EE:00:00:04,-94
BLE,1676582612636079246,DF:DF:EE:00:00:05,-93
BLE,1676582612669885799,DF:DF:EE:00:00:01,-61
BLE,1676582612716180021,DF:DF:EE:00:00:02,-83
BLE,1676582612917838063,DF:DF:EE:00:00:03,-95
BLE,1676582612951787281,DF:DF:EE:00:00:04,-92
BLE,1676582613173483726,DF:DF:EE:00:00:02,-85
BLE,1676582613645191616,DF:DF:EE:00:00:05,-93
BLE,1676582613667957398,DF:DF:EE:00:00:01,-78
BLE,1676582613709191103,DF:DF:EE:00:00:02,-83
BLE,1676582613922585699,DF:DF:EE:00:00:03,-87
BLE,1676582614169852847,DF:DF:EE:00:00:02,-94
BLE,1676582614422602714,DF:DF:EE:00:00:04,-95
BLE,1676582614659828870,DF:DF:EE:00:00:05,-94
BLE,1676582614672176415,DF:DF:EE:00:00:01,-75
BLE,1676582614707810528,DF:DF:EE:00:00:02,-86
BLE,1676582614917525130,DF:DF:EE:00:00:03,-86
BLE,1676582614959768989,DF:DF:EE:00:00:04,-94
BLE,1676582615675425029,DF:DF:EE:00:00:01,-79
BLE,1676582615707193317,DF:DF:EE:00:00:02,-84
BLE,1676582616175308838,DF:DF:EE:00:00:02,-93
BLE,1676582616674766611,DF:DF:EE:00:00:01,-75
BLE,1676582616715402615,DF:DF:EE:00:00:02,-92
BLE,1676582616912560551,DF:DF:EE:00:00:03,-84
BLE,1676582616956226848,DF:DF:EE:00:00:04,-93
BLE,1676582617166932230,DF:DF:EE:00:00:02,-93
BLE,1676582617670182744,DF:DF:EE:00:00:01,-76
BLE,1676582617694833002,DF:DF:EE:00:00:05,-93
BLE,1676582617710957914,DF:DF:EE:00:00:02,-83
BLE,1676582617921312633,DF:DF:EE:00:00:03,-85
BLE,1676582618171551325,DF:DF:EE:00:00:02,-86
BLE,1676582618667969305,DF:DF:EE:00:00:01,-78
BLE,1676582618711107401,DF:DF:EE:00:00:05,-92
BLE,1676582618712341593,DF:DF:EE:00:00:02,-86
BLE,1676582618919531313,DF:DF:EE:00:00:03,-87
BLE,1676582618958796544,DF:DF:EE:00:00:04,-92
BLE,1676582619168742394,DF:DF:EE:00:00:02,-91
BLE,1676582619707504272,DF:DF:EE:00:00:02,-92
BLE,1676582619719858317,DF:DF:EE:00:00:05,-92
BLE,1676582619917618661,DF:DF:EE:00:00:03,-96
BLE,1676582619952394577,DF:DF:EE:00:00:04,-94
BLE,1676582620421475459,DF:DF:EE:00:00:04,-92
BLE,1676582620673960080,DF:DF:EE:00:00:01,-85
BLE,1676582620708044671,DF:DF:EE:00:00:02,-83
BLE,1676582620912248055,DF:DF:EE:00:00:03,-85
BLE,1676582620956978297,DF:DF:EE:00:00:04,-93
BLE,1676582621169695152,DF:DF:EE:00:00:02,-93
BLE,1676582621416349809,DF:DF:EE:00:00:04,-95
BLE,1676582621710113550,DF:DF:EE:00:00:02,-82
BLE,1676582621922451785,DF:DF:EE:00:00:03,-84
BLE,1676582621957816359,DF:DF:EE:00:00:04,-82
BLE,1676582622173859129,DF:DF:EE:00:00:02,-87
BLE,1676582622668109470,DF:DF:EE:00:00:01,-78
BLE,1676582622709084345,DF:DF:EE:00:00:02,-84
BLE,1676582622915056248,DF:DF:EE:00:00:03,-85
BLE,1676582623174136490,DF:DF:EE:00:00:02,-93
BLE,1676582623666523648,DF:DF:EE:00:00:01,-86
BLE,1676582623713395820,DF:DF:EE:00:00:02,-92
BLE,1676582623766111165,DF:DF:EE:00:00:05,-91
BLE,1676582623920156503,DF:DF:EE:00:00:03,-96
BLE,1676582623955349788,DF:DF:EE:00:00:04,-94
BLE,1676582624707703635,DF:DF:EE:00:00:02,-84
BLE,1676582624777349464,DF:DF:EE:00:00:05,-91
BLE,1676582624921538767,DF:DF:EE:00:00:03,-86
BLE,1676582625172151996,DF:DF:EE:00:00:02,-93
BLE,1676582625415534070,DF:DF:EE:00:00:04,-92
BLE,1676582625671895890,DF:DF:EE:00:00:01,-85
BLE,1676582625709468393,DF:DF:EE:00:00:02,-86
BLE,1676582625787341405,DF:DF:EE:00:00:05,-91
BLE,1676582625918126552,DF:DF:EE:00:00:03,-87
BLE,1676582626168056873,DF:DF:EE:00:00:02,-93
BLE,1676582626415005192,DF:DF:EE:00:00:04,-95
BLE,1676582626670295776,DF:DF:EE:00:00:01,-77
BLE,1676582626706874750,DF:DF:EE:00:00:02,-92
BLE,1676582626794796005,DF:DF:EE:00:00:05,-93
BLE,1676582626913876514,DF:DF:EE:00:00:03,-94
BLE,1676582626952178633,DF:DF:EE:00:00:04,-94
BLE,1676582627167775866,DF:DF:EE:00:00:02,-86
BLE,1676582627415946627,DF:DF:EE:00:00:04,-93
BLE,1676582627677165008,DF:DF:EE:00:00:01,-76
BLE,1676582627708783923,DF:DF:EE:00:00:02,-86
BLE,1676582627802152022,DF:DF:EE:00:00:05,-94
BLE,1676582627918715523,DF:DF:EE:00:00:03,-88
BLE,1676582628173492280,DF:DF:EE:00:00:02,-83
BLE,1676582628415993075,DF:DF:EE:00:00:04,-96
BLE,1676582628670207090,DF:DF:EE:00:00:01,-77
BLE,1676582628715208495,DF:DF:EE:00:00:02,-83
BLE,1676582628809754828,DF:DF:EE:00:00:05,-93
BLE,1676582628916665498,DF:DF:EE:00:00:03,-95
BLE,1676582629167974802,DF:DF:EE:00:00:02,-84
BLE,1676582629668899138,DF:DF:EE:00:00:01,-65
BLE,1676582629710613795,DF:DF:EE:00:00:02,-86
BLE,1676582629818513786,DF:DF:EE:00:00:05,-90
BLE,1676582629915261673,DF:DF:EE:00:00:03,-84
BLE,1676582629959859042,DF:DF:EE:00:00:04,-92
BLE,1676582630170101763,DF:DF:EE:00:00:02,-93
BLE,1676582630413506337,DF:DF:EE:00:00:04,-92
BLE,1676582630675257502,DF:DF:EE:00:00:01,-75
BLE,1676582630711328067,DF:DF:EE:00:00:02,-93
BLE,1676582630922778356,DF:DF:EE:00:00:03,-96
BLE,1676582630952346465,DF:DF:EE:00:00:04,-91
BLE,1676582631668241668,DF:DF:EE:00:00:01,-79
BLE,1676582631842209577,DF:DF:EE:00:00:05,-90
BLE,1676582631922340518,DF:DF:EE:00:00:03,-87
BLE,1676582632174715515,DF:DF:EE:00:00:02,-93
BLE,1676582632414712259,DF:DF:EE:00:00:04,-84
BLE,1676582632673089636,DF:DF:EE:00:00:01,-61
BLE,1676582632707992716,DF:DF:EE:00:00:02,-72
BLE,1676582632849684426,DF:DF:EE:00:00:05,-83
BLE,1676582632952855312,DF:DF:EE:00:00:04,-84
BLE,1676582633173022694,DF:DF:EE:00:00:02,-69
BLE,1676582633667541949,DF:DF:EE:00:00:01,-77
BLE,1676582633711036374,DF:DF:EE:00:00:02,-69
BLE,1676582633858658464,DF:DF:EE:00:00:05,-94
BLE,1676582633952130187,DF:DF:EE:00:00:04,-83
BLE,1676582634172301901,DF:DF:EE:00:00:02,-82
BLE,1676582634413983207,DF:DF:EE:00:00:04,-93
BLE,1676582634670700647,DF:DF:EE:00:00:01,-85
BLE,1676582634863533889,DF:DF:EE:00:00:05,-93
BLE,1676582634917916254,DF:DF:EE:00:00:03,-88
BLE,1676582635174709193,DF:DF:EE:00:00:02,-84
BLE,1676582635672914066,DF:DF:EE:00:00:01,-79
BLE,1676582635712735539,DF:DF:EE:00:00:02,-68
BLE,1676582635876056964,DF:DF:EE:00:00:05,-94
BLE,1676582635914000712,DF:DF:EE:00:00:03,-94
BLE,1676582635951507258,DF:DF:EE:00:00:04,-93
BLE,1676582636175178301,DF:DF:EE:00:00:02,-92
BLE,1676582636674252079,DF:DF:EE:00:00:01,-85
BLE,1676582636709052828,DF:DF:EE:00:00:02,-85
BLE,1676582636888581829,DF:DF:EE:00:00:05,-94
BLE,1676582636911838855,DF:DF:EE:00:00:03,-85
BLE,1676582637169782696,DF:DF:EE:00:00:02,-93
BLE,1676582637712742602,DF:DF:EE:00:00:02,-84
BLE,1676582637902346846,DF:DF:EE:00:00:05,-93
BLE,1676582637956945499,DF:DF:EE:00:00:04,-94
BLE,1676582638420651703,DF:DF:EE:00:00:04,-93
BLE,1676582638710146376,DF:DF:EE:00:00:02,-85
BLE,1676582638915523328,DF:DF:EE:00:00:03,-85
BLE,1676582638959489872,DF:DF:EE:00:00:04,-92
BLE,1676582639168013907,DF:DF:EE:00:00:02,-92
BLE,1676582639712015549,DF:DF:EE:00:00:02,-93
BLE,1676582639921863775,DF:DF:EE:00:00:03,-94
BLE,1676582639926058887,DF:DF:EE:00:00:05,-94
BLE,1676582639951553508,DF:DF:EE:00:00:04,-92
BLE,1676582640173576490,DF:DF:EE:00:00:02,-85
BLE,1676582640671903653,DF:DF:EE:00:00:01,-78
BLE,1676582640706622194,DF:DF:EE:00:00:02,-84
BLE,1676582640936078869,DF:DF:EE:00:00:05,-89
BLE,1676582641172902530,DF:DF:EE:00:00:02,-92
BLE,1676582641413437642,DF:DF:EE:00:00:04,-93
BLE,1676582641668007819,DF:DF:EE:00:00:01,-86
BLE,1676582641705272160,DF:DF:EE:00:00:02,-85
BLE,1676582641921172764,DF:DF:EE:00:00:03,-95
BLE,1676582641948581652,DF:DF:EE:00:00:05,-90
BLE,1676582641957769239,DF:DF:EE:00:00:04,-95
BLE,1676582642170266597,DF:DF:EE:00:00:02,-84
BLE,1676582642412096275,DF:DF:EE:00:00:04,-94
BLE,1676582642670486193,DF:DF:EE:00:00:01,-78
BLE,1676582642705604937,DF:DF:EE:00:00:02,-92
BLE,1676582642914253804,DF:DF:EE:00:00:03,-94
BLE,1676582642958608467,DF:DF:EE:00:00:05,-90
BLE,1676582643173769665,DF:DF:EE:00:00:02,-93
BLE,1676582643413067502,DF:DF:EE:00:00:04,-93
BLE,1676582643673018524,DF:DF:EE:00:00:01,-86
BLE,1676582643709033048,DF:DF:EE:00:00:02,-86
BLE,1676582643915567734,DF:DF:EE:00:00:03,-86
BLE,1676582643957750885,DF:DF:EE:00:00:04,-93
BLE,1676582643966071108,DF:DF:EE:00:00:05,-93
BLE,1676582643967130136,DF:DF:EE:00:00:05,-90
BLE,1676582644174964014,DF:DF:EE:00:00:02,-83
BLE,1676582644710103190,DF:DF:EE:00:00:02,-83
BLE,1676582644917775737,DF:DF:EE:00:00:03,-94
BLE,1676582644974634860,DF:DF:EE:00:00:05,-97
BLE,1676582645170279441,DF:DF:EE:00:00:02,-86
BLE,1676582645666648879,DF:DF:EE:00:00:01,-79
BLE,1676582645709352065,DF:DF:EE:00:00:02,-86
BLE,1676582645913182495,DF:DF:EE:00:00:03,-85
BLE,1676582645983410775,DF:DF:EE:00:00:05,-94
BLE,1676582646413757462,DF:DF:EE:00:00:04,-96
BLE,1676582646715371475,DF:DF:EE:00:00:02,-84
BLE,1676582646913031487,DF:DF:EE:00:00:03,-87
BLE,1676582646995897683,DF:DF:EE:00:00:05,-94
BLE,1676582647171732776,DF:DF:EE:00:00:02,-86
BLE,1676582647665280002,DF:DF:EE:00:00:01,-79
BLE,1676582648003399782,DF:DF:EE:00:00:05,-94
BLE,1676582648165645471,DF:DF:EE:00:00:02,-85
BLE,1676582648419781362,DF:DF:EE:00:00:04,-96
BLE,1676582648715408079,DF:DF:EE:00:00:02,-84
BLE,1676582648920100873,DF:DF:EE:00:00:03,-83
BLE,1676582649170328649,DF:DF:EE:00:00:02,-84
BLE,1676582649668357816,DF:DF:EE:00:00:01,-78
BLE,1676582649709888267,DF:DF:EE:00:00:02,-83
BLE,1676582649918047307,DF:DF:EE:00:00:03,-85
BLE,1676582650024541108,DF:DF:EE:00:00:05,-91
BLE,1676582650170662759,DF:DF:EE:00:00:02,-93
BLE,1676582650668533387,DF:DF:EE:00:00:01,-86
BLE,1676582650713163047,DF:DF:EE:00:00:02,-92
BLE,1676582650914014850,DF:DF:EE:00:00:03,-87
BLE,1676582650952329593,DF:DF:EE:00:00:04,-93
BLE,1676582651038311957,DF:DF:EE:00:00:05,-91
BLE,1676582651670148147,DF:DF:EE:00:00:01,-79
BLE,1676582651705538720,DF:DF:EE:00:00:02,-93
BLE,1676582651920798250,DF:DF:EE:00:00:03,-84
BLE,1676582652048253732,DF:DF:EE:00:00:05,-91
BLE,1676582652167061828,DF:DF:EE:00:00:02,-86
BLE,1676582652415688417,DF:DF:EE:00:00:04,-92
BLE,1676582652670997708,DF:DF:EE:00:00:01,-86
BLE,1676582652710086942,DF:DF:EE:00:00:02,-86
BLE,1676582652911890441,DF:DF:EE:00:00:03,-85
BLE,1676582652960531048,DF:DF:EE:00:00:04,-95
BLE,1676582653058272798,DF:DF:EE:00:00:05,-90
BLE,1676582653173170945,DF:DF:EE:00:00:02,-83
BLE,1676582653414389465,DF:DF:EE:00:00:04,-95
BLE,1676582653671073697,DF:DF:EE:00:00:01,-76
BLE,1676582653707269927,DF:DF:EE:00:00:02,-91
BLE,1676582653913861946,DF:DF:EE:00:00:03,-94
BLE,1676582653953188260,DF:DF:EE:00:00:04,-94
BLE,1676582654068288613,DF:DF:EE:00:00:05,-95
BLE,1676582654169586149,DF:DF:EE:00:00:02,-86
BLE,1676582654673910983,DF:DF:EE:00:00:01,-86
BLE,1676582654711477820,DF:DF:EE:00:00:02,-86
BLE,1676582654921037216,DF:DF:EE:00:00:03,-87
BLE,1676582654958259932,DF:DF:EE:00:00:04,-93
BLE,1676582655078303304,DF:DF:EE:00:00:05,-94
BLE,1676582655174508824,DF:DF:EE:00:00:02,-84
BLE,1676582655671686544,DF:DF:EE:00:00:01,-76
BLE,1676582655710632320,DF:DF:EE:00:00:02,-93
BLE,1676582655916868053,DF:DF:EE:00:00:03,-98
BLE,1676582655957263019,DF:DF:EE:00:00:04,-94
BLE,1676582656089498729,DF:DF:EE:00:00:05,-94
BLE,1676582656171390813,DF:DF:EE:00:00:02,-86
BLE,1676582656417724015,DF:DF:EE:00:00:04,-93
BLE,1676582656666377770,DF:DF:EE:00:00:01,-79
BLE,1676582656706510656,DF:DF:EE:00:00:02,-83
BLE,1676582656917015499,DF:DF:EE:00:00:03,-84
BLE,1676582657096996995,DF:DF:EE:00:00:05,-94
BLE,1676582657175188336,DF:DF:EE:00:00:02,-83
BLE,1676582657415761198,DF:DF:EE:00:00:04,-96
BLE,1676582657674867523,DF:DF:EE:00:00:01,-76
BLE,1676582657704482798,DF:DF:EE:00:00:02,-86
BLE,1676582657920152364,DF:DF:EE:00:00:03,-97
BLE,1676582657957818074,DF:DF:EE:00:00:04,-94
BLE,1676582658110763178,DF:DF:EE:00:00:05,-95
BLE,1676582658168254709,DF:DF:EE:00:00:02,-83
BLE,1676582658710835620,DF:DF:EE:00:00:02,-84
BLE,1676582659125746886,DF:DF:EE:00:00:05,-94
BLE,1676582659165309946,DF:DF:EE:00:00:02,-87
BLE,1676582659673251607,DF:DF:EE:00:00:01,-76
BLE,1676582659713980735,DF:DF:EE:00:00:02,-93
BLE,1676582659919022067,DF:DF:EE:00:00:03,-86
BLE,1676582660173910656,DF:DF:EE:00:00:02,-83
BLE,1676582660411949759,DF:DF:EE:00:00:04,-95
BLE,1676582660674341332,DF:DF:EE:00:00:01,-79
BLE,1676582660707825723,DF:DF:EE:00:00:02,-83
BLE,1676582660951752665,DF:DF:EE:00:00:04,-96
BLE,1676582661174926299,DF:DF:EE:00:00:02,-94
BLE,1676582661668186403,DF:DF:EE:00:00:01,-85
BLE,1676582661708720409,DF:DF:EE:00:00:02,-86
BLE,1676582661955919142,DF:DF:EE:00:00:04,-93
BLE,1676582662171159963,DF:DF:EE:00:00:02,-83
BLE,1676582662674377270,DF:DF:EE:00:00:01,-80
BLE,1676582662711582986,DF:DF:EE:00:00:02,-83
BLE,1676582662950321205,DF:DF:EE:00:00:04,-83
BLE,1676582663164853328,DF:DF:EE:00:00:05,-91
BLE,1676582663665395295,DF:DF:EE:00:00:01,-65
BLE,1676582663910329766,DF:DF:EE:00:00:03,-84
BLE,1676582664176605746,DF:DF:EE:00:00:02,-83
BLE,1676582664669580771,DF:DF:EE:00:00:01,-76
BLE,1676582664713801061,DF:DF:EE:00:00:02,-83
BLE,1676582664913999707,DF:DF:EE:00:00:03,-87
BLE,1676582664957091554,DF:DF:EE:00:00:04,-95
BLE,1676582665169025711,DF:DF:EE:00:00:02,-84
BLE,1676582665669054768,DF:DF:EE:00:00:01,-78
BLE,1676582665710287556,DF:DF:EE:00:00:02,-86
BLE,1676582665915935754,DF:DF:EE:00:00:03,-74
BLE,1676582666170395057,DF:DF:EE:00:00:02,-92
BLE,1676582666418483945,DF:DF:EE:00:00:04,-94
BLE,1676582666667110492,DF:DF:EE:00:00:01,-86
BLE,1676582666704649579,DF:DF:EE:00:00:02,-85
BLE,1676582666913408111,DF:DF:EE:00:00:03,-86
BLE,1676582666949819629,DF:DF:EE:00:00:04,-92
BLE,1676582667215820322,DF:DF:EE:00:00:05,-91
BLE,1676582667917500546,DF:DF:EE:00:00:03,-85
BLE,1676582668220836245,DF:DF:EE:00:00:05,-83
BLE,1676582668420055820,DF:DF:EE:00:00:04,-84
BLE,1676582668667889711,DF:DF:EE:00:00:01,-72
BLE,1676582668710860309,DF:DF:EE:00:00:02,-92
BLE,1676582668922097434,DF:DF:EE:00:00:03,-95
BLE,1676582668955431493,DF:DF:EE:00:00:04,-82
BLE,1676582669172869786,DF:DF:EE:00:00:02,-73
BLE,1676582669232133211,DF:DF:EE:00:00:05,-84
BLE,1676582669670409709,DF:DF:EE:00:00:01,-65
BLE,1676582669705511703,DF:DF:EE:00:00:02,-94
BLE,1676582669916240959,DF:DF:EE:00:00:03,-97
BLE,1676582669950297634,DF:DF:EE:00:00:04,-85
BLE,1676582670175757654,DF:DF:EE:00:00:02,-92
BLE,1676582670242066486,DF:DF:EE:00:00:05,-93
BLE,1676582670676033041,DF:DF:EE:00:00:01,-76
BLE,1676582670710939496,DF:DF:EE:00:00:02,-86
BLE,1676582670920819555,DF:DF:EE:00:00:03,-86
BLE,1676582671171806113,DF:DF:EE:00:00:02,-83
BLE,1676582671249605584,DF:DF:EE:00:00:05,-94
BLE,1676582671415549057,DF:DF:EE:00:00:04,-96
BLE,1676582671673394399,DF:DF:EE:00:00:01,-78
BLE,1676582671712048805,DF:DF:EE:00:00:02,-84
BLE,1676582672174067614,DF:DF:EE:00:00:02,-85
BLE,1676582672258296917,DF:DF:EE:00:00:05,-93
BLE,1676582672668452537,DF:DF:EE:00:00:01,-79
BLE,1676582672710962350,DF:DF:EE:00:00:02,-85
BLE,1676582672912050359,DF:DF:EE:00:00:03,-84
BLE,1676582672957996877,DF:DF:EE:00:00:04,-93
BLE,1676582673168291555,DF:DF:EE:00:00:02,-92
BLE,1676582673268311941,DF:DF:EE:00:00:05,-91
BLE,1676582673411407758,DF:DF:EE:00:00:04,-94
BLE,1676582673669726302,DF:DF:EE:00:00:01,-76
BLE,1676582673706214570,DF:DF:EE:00:00:02,-93
BLE,1676582673916713662,DF:DF:EE:00:00:03,-96
BLE,1676582673952912642,DF:DF:EE:00:00:04,-94
BLE,1676582674170852178,DF:DF:EE:00:00:02,-85
BLE,1676582674279639490,DF:DF:EE:00:00:05,-90
BLE,1676582674674706893,DF:DF:EE:00:00:01,-86
BLE,1676582674917292561,DF:DF:EE:00:00:03,-84
BLE,1676582675171847321,DF:DF:EE:00:00:02,-93
BLE,1676582675284766412,DF:DF:EE:00:00:05,-95
BLE,1676582675675427414,DF:DF:EE:00:00:01,-77
BLE,1676582675712326593,DF:DF:EE:00:00:02,-93
BLE,1676582675913606891,DF:DF:EE:00:00:03,-86
BLE,1676582675952283380,DF:DF:EE:00:00:04,-82
BLE,1676582676294604521,DF:DF:EE:00:00:05,-94
BLE,1676582676672419944,DF:DF:EE:00:00:01,-78
BLE,1676582676710951310,DF:DF:EE:00:00:02,-84
BLE,1676582677171118560,DF:DF:EE:00:00:02,-92
BLE,1676582677307130679,DF:DF:EE:00:00:05,-93
BLE,1676582677414683091,DF:DF:EE:00:00:04,-93
BLE,1676582677670472918,DF:DF:EE:00:00:01,-85
BLE,1676582677711768705,DF:DF:EE:00:00:02,-93
BLE,1676582677959713803,DF:DF:EE:00:00:04,-94
BLE,1676582678319663253,DF:DF:EE:00:00:05,-94
BLE,1676582678410769882,DF:DF:EE:00:00:04,-95
BLE,1676582678706449599,DF:DF:EE:00:00:02,-93
BLE,1676582678915234464,DF:DF:EE:00:00:03,-96
BLE,1676582679165228368,DF:DF:EE:00:00:02,-86
BLE,1676582679330896011,DF:DF:EE:00:00:05,-83
BLE,1676582679418777516,DF:DF:EE:00:00:04,-95
BLE,1676582679670194401,DF:DF:EE:00:00:01,-85
BLE,1676582679708674476,DF:DF:EE:00:00:02,-87
BLE,1676582679954015191,DF:DF:EE:00:00:04,-93
BLE,1676582680171077863,DF:DF:EE:00:00:02,-84
BLE,1676582680339695176,DF:DF:EE:00:00:05,-93
BLE,1676582680414331565,DF:DF:EE:00:00:04,-93
BLE,1676582680673556305,DF:DF:EE:00:00:01,-78
BLE,1676582680708483051,DF:DF:EE:00:00:02,-93
BLE,1676582680918792313,DF:DF:EE:00:00:03,-97
BLE,1676582680953392022,DF:DF:EE:00:00:04,-94
BLE,1676582681352114002,DF:DF:EE:00:00:05,-93
BLE,1676582681416049990,DF:DF:EE:00:00:04,-92
BLE,1676582681668421779,DF:DF:EE:00:00:01,-79
BLE,1676582681711185880,DF:DF:EE:00:00:02,-85
BLE,1676582681914897896,DF:DF:EE:00:00:03,-85
BLE,1676582682174956417,DF:DF:EE:00:00:02,-83
BLE,1676582682360871084,DF:DF:EE:00:00:05,-93
BLE,1676582682414047340,DF:DF:EE:00:00:04,-95
BLE,1676582682671345188,DF:DF:EE:00:00:01,-76
BLE,1676582682706003939,DF:DF:EE:00:00:02,-79
BLE,1676582682918704377,DF:DF:EE:00:00:03,-98
BLE,1676582682948675689,DF:DF:EE:00:00:04,-92
BLE,1676582683376426035,DF:DF:EE:00:00:05,-94
BLE,1676582683669891572,DF:DF:EE:00:00:01,-79
BLE,1676582683708878765,DF:DF:EE:00:00:02,-83
BLE,1676582683916010152,DF:DF:EE:00:00:03,-85
BLE,1676582684173666121,DF:DF:EE:00:00:02,-92
BLE,1676582684388373325,DF:DF:EE:00:00:05,-94
BLE,1676582684414425564,DF:DF:EE:00:00:04,-93
BLE,1676582684668080336,DF:DF:EE:00:00:01,-85
BLE,1676582684915882935,DF:DF:EE:00:00:03,-86
BLE,1676582685399656957,DF:DF:EE:00:00:05,-93
BLE,1676582685674132412,DF:DF:EE:00:00:01,-79
BLE,1676582685711548085,DF:DF:EE:00:00:02,-83
BLE,1676582686172284578,DF:DF:EE:00:00:02,-92
BLE,1676582686410870716,DF:DF:EE:00:00:05,-95
BLE,1676582686414914704,DF:DF:EE:00:00:04,-93
BLE,1676582686671160233,DF:DF:EE:00:00:01,-85
BLE,1676582686706448725,DF:DF:EE:00:00:02,-85
BLE,1676582686915099884,DF:DF:EE:00:00:03,-86
BLE,1676582686950840495,DF:DF:EE:00:00:04,-93
BLE,1676582687666955862,DF:DF:EE:00:00:01,-77
BLE,1676582687914166219,DF:DF:EE:00:00:03,-96
BLE,1676582688173805954,DF:DF:EE:00:00:02,-93
BLE,1676582688432135039,DF:DF:EE:00:00:05,-90
BLE,1676582688673500890,DF:DF:EE:00:00:01,-86
BLE,1676582688912730978,DF:DF:EE:00:00:03,-74
BLE,1676582689174484018,DF:DF:EE:00:00:02,-83
BLE,1676582689918537808,DF:DF:EE:00:00:03,-95
BLE,1676582689954881660,DF:DF:EE:00:00:04,-94
BLE,1676582690168973414,DF:DF:EE:00:00:02,-85
BLE,1676582690418485324,DF:DF:EE:00:00:04,-92
BLE,1676582690668924347,DF:DF:EE:00:00:01,-79
BLE,1676582690710163968,DF:DF:EE:00:00:02,-85
BLE,1676582691176342056,DF:DF:EE:00:00:02,-83
BLE,1676582691414901153,DF:DF:EE:00:00:04,-84
BLE,1676582691671192140,DF:DF:EE:00:00:01,-77
BLE,1676582691709932128,DF:DF:EE:00:00:02,-92
BLE,1676582691918726951,DF:DF:EE:00:00:03,-95
BLE,1676582691955067929,DF:DF:EE:00:00:04,-95
BLE,1676582692171923438,DF:DF:EE:00:00:02,-85
BLE,1676582692481064560,DF:DF:EE:00:00:05,-92
BLE,1676582692666623232,DF:DF:EE:00:00:01,-65
BLE,1676582692711502139,DF:DF:EE:00:00:02,-76
BLE,1676582693165535345,DF:DF:EE:00:00:02,-76
BLE,1676582693419504405,DF:DF:EE:00:00:04,-83
BLE,1676582693493298804,DF:DF:EE:00:00:05,-78
BLE,1676582693666079354,DF:DF:EE:00:00:01,-85
BLE,1676582693710536099,DF:DF:EE:00:00:02,-81
BLE,1676582693915845469,DF:DF:EE:00:00:03,-76
BLE,1676582693953802842,DF:DF:EE:00:00:04,-94
BLE,1676582694674608356,DF:DF:EE:00:00:01,-78
BLE,1676582694913350283,DF:DF:EE:00:00:03,-97
BLE,1676582695165015290,DF:DF:EE:00:00:02,-86
BLE,1676582695415412063,DF:DF:EE:00:00:04,-94
BLE,1676582695670478192,DF:DF:EE:00:00:01,-86
BLE,1676582695704850654,DF:DF:EE:00:00:02,-85
BLE,1676582695916114778,DF:DF:EE:00:00:03,-87
BLE,1676582696165560564,DF:DF:EE:00:00:02,-93
BLE,1676582696532045220,DF:DF:EE:00:00:05,-93
BLE,1676582696912541898,DF:DF:EE:00:00:03,-96
BLE,1676582697539646776,DF:DF:EE:00:00:05,-94
BLE,1676582697540822552,DF:DF:EE:00:00:05,-92
BLE,1676582697676295261,DF:DF:EE:00:00:01,-76
BLE,1676582697919132051,DF:DF:EE:00:00:03,-87
BLE,1676582697953940258,DF:DF:EE:00:00:04,-93
BLE,1676582698549560593,DF:DF:EE:00:00:05,-93
BLE,1676582698705021288,DF:DF:EE:00:00:02,-92
BLE,1676582698952776429,DF:DF:EE:00:00:04,-93
BLE,1676582699417619285,DF:DF:EE:00:00:04,-94
BLE,1676582699564608009,DF:DF:EE:00:00:05,-96
BLE,1676582699565825076,DF:DF:EE:00:00:05,-92
BLE,1676582699669395790,DF:DF:EE:00:00:01,-79
BLE,1676582699913807684,DF:DF:EE:00:00:03,-72
BLE,1676582699956245832,DF:DF:EE:00:00:04,-94
BLE,1676582700170363751,DF:DF:EE:00:00:02,-93
BLE,1676582700577126333,DF:DF:EE:00:00:05,-94
BLE,1676582700578420066,DF:DF:EE:00:00:05,-91
BLE,1676582700668162005,DF:DF:EE:00:00:01,-77
BLE,1676582700705929005,DF:DF:EE:00:00:02,-92
BLE,1676582700911877700,DF:DF:EE:00:00:03,-87
BLE,1676582700949115124,DF:DF:EE:00:00:04,-94
BLE,1676582701419321284,DF:DF:EE:00:00:04,-95
BLE,1676582701594483010,DF:DF:EE:00:00:05,-92
BLE,1676582701666198229,DF:DF:EE:00:00:01,-79
BLE,1676582702171189303,DF:DF:EE:00:00:02,-92
BLE,1676582702413368352,DF:DF:EE:00:00:04,-92
BLE,1676582702606964543,DF:DF:EE:00:00:05,-91
BLE,1676582702666315592,DF:DF:EE:00:00:01,-85
BLE,1676582702713369720,DF:DF:EE:00:00:02,-93
BLE,1676582702909205589,DF:DF:EE:00:00:03,-84
BLE,1676582702956222176,DF:DF:EE:00:00:04,-95
BLE,1676582703167527842,DF:DF:EE:00:00:02,-84
BLE,1676582703411211745,DF:DF:EE:00:00:04,-94
BLE,1676582703618470422,DF:DF:EE:00:00:05,-90
BLE,1676582703673818566,DF:DF:EE:00:00:01,-78
BLE,1676582703706583008,DF:DF:EE:00:00:02,-68
BLE,1676582704175133939,DF:DF:EE:00:00:02,-93
BLE,1676582704629410018,DF:DF:EE:00:00:05,-91
BLE,1676582704671436629,DF:DF:EE:00:00:01,-85
BLE,1676582704705133142,DF:DF:EE:00:00:02,-85
BLE,1676582704913662343,DF:DF:EE:00:00:03,-86
BLE,1676582704953979519,DF:DF:EE:00:00:04,-93
BLE,1676582705169763458,DF:DF:EE:00:00:02,-83
BLE,1676582705641921884,DF:DF:EE:00:00:05,-91
BLE,1676582705913542376,DF:DF:EE:00:00:03,-94
BLE,1676582705953039271,DF:DF:EE:00:00:04,-96
BLE,1676582706651975615,DF:DF:EE:00:00:05,-93
BLE,1676582706713615009,DF:DF:EE:00:00:02,-92
BLE,1676582706918026182,DF:DF:EE:00:00:03,-86
BLE,1676582707168215208,DF:DF:EE:00:00:02,-93
BLE,1676582707666910824,DF:DF:EE:00:00:05,-91
BLE,1676582707668516636,DF:DF:EE:00:00:01,-75
BLE,1676582707711386611,DF:DF:EE:00:00:02,-83
BLE,1676582707919839064,DF:DF:EE:00:00:03,-95
BLE,1676582707953551035,DF:DF:EE:00:00:04,-94
BLE,1676582708171781567,DF:DF:EE:00:00:02,-86
BLE,1676582708673200231,DF:DF:EE:00:00:05,-94
BLE,1676582708706405959,DF:DF:EE:00:00:02,-83
BLE,1676582709167784318,DF:DF:EE:00:00:02,-92
BLE,1676582709409034671,DF:DF:EE:00:00:04,-94
BLE,1676582709681942105,DF:DF:EE:00:00:05,-95
BLE,1676582709714124805,DF:DF:EE:00:00:02,-84
BLE,1676582709919130928,DF:DF:EE:00:00:03,-96
BLE,1676582709948584039,DF:DF:EE:00:00:04,-82
BLE,1676582710669416219,DF:DF:EE:00:00:01,-79
BLE,1676582710691785715,DF:DF:EE:00:00:05,-93
BLE,1676582710706536062,DF:DF:EE:00:00:02,-83
BLE,1676582711165249248,DF:DF:EE:00:00:02,-85
BLE,1676582711410357050,DF:DF:EE:00:00:04,-93
BLE,1676582711669168712,DF:DF:EE:00:00:01,-85
BLE,1676582711703084389,DF:DF:EE:00:00:05,-95
BLE,1676582711707003295,DF:DF:EE:00:00:02,-86
BLE,1676582711912868574,DF:DF:EE:00:00:03,-87
BLE,1676582711953858032,DF:DF:EE:00:00:04,-93
BLE,1676582712170471960,DF:DF:EE:00:00:02,-83
BLE,1676582712409257054,DF:DF:EE:00:00:04,-83
BLE,1676582712669370491,DF:DF:EE:00:00:01,-79
BLE,1676582712707929064,DF:DF:EE:00:00:02,-83
BLE,1676582712711894720,DF:DF:EE:00:00:05,-91
BLE,1676582712914850412,DF:DF:EE:00:00:03,-98
BLE,1676582713175253970,DF:DF:EE:00:00:02,-92
BLE,1676582713413722026,DF:DF:EE:00:00:04,-94
BLE,1676582713666829556,DF:DF:EE:00:00:01,-85
BLE,1676582713713770560,DF:DF:EE:00:00:02,-92
BLE,1676582713719317529,DF:DF:EE:00:00:05,-91
BLE,1676582713910574584,DF:DF:EE:00:00:03,-86
BLE,1676582713956087524,DF:DF:EE:00:00:04,-93
BLE,1676582714174316639,DF:DF:EE:00:00:02,-69
BLE,1676582714666737797,DF:DF:EE:00:00:01,-76
BLE,1676582714706241316,DF:DF:EE:00:00:02,-93
BLE,1676582714731835436,DF:DF:EE:00:00:05,-91
BLE,1676582714917428358,DF:DF:EE:00:00:03,-96
BLE,1676582714949640807,DF:DF:EE:00:00:04,-94
BLE,1676582715670497445,DF:DF:EE:00:00:01,-85
BLE,1676582715706842006,DF:DF:EE:00:00:02,-86
BLE,1676582715744329136,DF:DF:EE:00:00:05,-90
BLE,1676582715918833496,DF:DF:EE:00:00:03,-87
BLE,1676582716175853473,DF:DF:EE:00:00:02,-83
BLE,1676582716416903870,DF:DF:EE:00:00:04,-94
BLE,1676582716666507779,DF:DF:EE:00:00:01,-76
BLE,1676582716760557494,DF:DF:EE:00:00:05,-90
BLE,1676582716909567775,DF:DF:EE:00:00:03,-87
BLE,1676582716947879435,DF:DF:EE:00:00:04,-93
BLE,1676582717173202165,DF:DF:EE:00:00:02,-85
BLE,1676582717416686655,DF:DF:EE:00:00:04,-94
BLE,1676582717665102996,DF:DF:EE:00:00:01,-78
BLE,1676582717765563126,DF:DF:EE:00:00:05,-95
BLE,1676582717918786351,DF:DF:EE:00:00:03,-88
BLE,1676582718168247053,DF:DF:EE:00:00:02,-91
BLE,1676582718418802366,DF:DF:EE:00:00:04,-95
BLE,1676582718669013059,DF:DF:EE:00:00:01,-76
BLE,1676582718709707521,DF:DF:EE:00:00:02,-92
BLE,1676582718913728241,DF:DF:EE:00:00:03,-86
BLE,1676582719668901967,DF:DF:EE:00:00:01,-79
BLE,1676582719705875937,DF:DF:EE:00:00:02,-83
BLE,1676582719779298674,DF:DF:EE:00:00:05,-94
BLE,1676582720164461708,DF:DF:EE:00:00:02,-86
BLE,1676582720418219645,DF:DF:EE:00:00:04,-95
BLE,1676582720668295756,DF:DF:EE:00:00:01,-86
BLE,1676582720909104407,DF:DF:EE:00:00:03,-74
BLE,1676582720954050562,DF:DF:EE:00:00:04,-94
BLE,1676582721709226872,DF:DF:EE:00:00:02,-83
BLE,1676582721799311431,DF:DF:EE:00:00:05,-90
BLE,1676582721949185242,DF:DF:EE:00:00:04,-95
BLE,1676582722165805878,DF:DF:EE:00:00:02,-76
BLE,1676582722411831251,DF:DF:EE:00:00:04,-94
BLE,1676582722671185739,DF:DF:EE:00:00:01,-85
BLE,1676582722713123977,DF:DF:EE:00:00:02,-93
BLE,1676582722809304497,DF:DF:EE:00:00:05,-91
BLE,1676582722912044931,DF:DF:EE:00:00:03,-85
BLE,1676582723174194299,DF:DF:EE:00:00:02,-84
BLE,1676582723714982775,DF:DF:EE:00:00:02,-83
BLE,1676582723824288747,DF:DF:EE:00:00:05,-91
BLE,1676582723915997243,DF:DF:EE:00:00:03,-94
BLE,1676582724167538793,DF:DF:EE:00:00:02,-85
BLE,1676582724415753720,DF:DF:EE:00:00:04,-92
BLE,1676582724672729198,DF:DF:EE:00:00:01,-86
BLE,1676582724710309285,DF:DF:EE:00:00:02,-85
BLE,1676582724829305712,DF:DF:EE:00:00:05,-94
BLE,1676582724910958883,DF:DF:EE:00:00:03,-85
BLE,1676582724954213061,DF:DF:EE:00:00:04,-93
BLE,1676582725412568960,DF:DF:EE:00:00:04,-84
BLE,1676582725673970463,DF:DF:EE:00:00:01,-78
BLE,1676582725705684419,DF:DF:EE:00:00:02,-93
BLE,1676582725844354003,DF:DF:EE:00:00:05,-94
BLE,1676582725956081026,DF:DF:EE:00:00:04,-95
BLE,1676582726169675786,DF:DF:EE:00:00:02,-86
BLE,1676582726674276199,DF:DF:EE:00:00:01,-85
BLE,1676582726711306293,DF:DF:EE:00:00:02,-85
BLE,1676582726855575969,DF:DF:EE:00:00:05,-95
BLE,1676582726917322820,DF:DF:EE:00:00:03,-85
BLE,1676582727171845914,DF:DF:EE:00:00:02,-93
BLE,1676582727410696965,DF:DF:EE:00:00:04,-94
BLE,1676582727671870179,DF:DF:EE:00:00:01,-76
BLE,1676582727714725196,DF:DF:EE:00:00:02,-84
BLE,1676582727873217976,DF:DF:EE:00:00:05,-90
BLE,1676582727910509566,DF:DF:EE:00:00:03,-87
BLE,1676582727948251734,DF:DF:EE:00:00:04,-95
BLE,1676582728168074412,DF:DF:EE:00:00:02,-84
BLE,1676582728668000053,DF:DF:EE:00:00:01,-78
BLE,1676582728707916859,DF:DF:EE:00:00:02,-84
BLE,1676582728888277517,DF:DF:EE:00:00:05,-90
BLE,1676582728911974870,DF:DF:EE:00:00:03,-95
BLE,1676582729165252730,DF:DF:EE:00:00:02,-87
BLE,1676582729416756239,DF:DF:EE:00:00:04,-96
BLE,1676582729670066432,DF:DF:EE:00:00:01,-85
BLE,1676582729703405950,DF:DF:EE:00:00:02,-86
BLE,1676582729898195667,DF:DF:EE:00:00:05,-90
BLE,1676582729913950584,DF:DF:EE:00:00:03,-87
BLE,1676582729951423588,DF:DF:EE:00:00:04,-92
BLE,1676582730169095169,DF:DF:EE:00:00:02,-83
BLE,1676582730670873995,DF:DF:EE:00:00:01,-78
BLE,1676582730914333568,DF:DF:EE:00:00:05,-91
BLE,1676582730950809586,DF:DF:EE:00:00:04,-95
BLE,1676582731172726361,DF:DF:EE:00:00:02,-93
BLE,1676582731668196145,DF:DF:EE:00:00:01,-86
BLE,1676582731706967341,DF:DF:EE:00:00:02,-87
BLE,1676582731913956063,DF:DF:EE:00:00:03,-87
BLE,1676582731925688825,DF:DF:EE:00:00:05,-90
BLE,1676582731954239864,DF:DF:EE:00:00:04,-93
BLE,1676582732411821399,DF:DF:EE:00:00:04,-97
BLE,1676582732666540740,DF:DF:EE:00:00:01,-76
BLE,1676582732711108109,DF:DF:EE:00:00:02,-83
BLE,1676582732938374105,DF:DF:EE:00:00:05,-89
BLE,1676582733664776461,DF:DF:EE:00:00:01,-79
BLE,1676582733707053861,DF:DF:EE:00:00:02,-87
BLE,1676582733916406552,DF:DF:EE:00:00:03,-87
BLE,1676582733950658641,DF:DF:EE:00:00:05,-89
BLE,1676582734174249519,DF:DF:EE:00:00:02,-83
BLE,1676582734414626299,DF:DF:EE:00:00:04,-95
BLE,1676582734668332238,DF:DF:EE:00:00:01,-77
BLE,1676582734712755942,DF:DF:EE:00:00:02,-83
BLE,1676582734914053114,DF:DF:EE:00:00:03,-95
BLE,1676582734947254967,DF:DF:EE:00:00:04,-93
BLE,1676582735672711878,DF:DF:EE:00:00:01,-85
BLE,1676582735705584235,DF:DF:EE:00:00:02,-83
BLE,1676582735917178438,DF:DF:EE:00:00:03,-85
BLE,1676582735973160990,DF:DF:EE:00:00:05,-90
BLE,1676582736167388422,DF:DF:EE:00:00:02,-92
BLE,1676582736407381625,DF:DF:EE:00:00:04,-94
BLE,1676582736710801864,DF:DF:EE:00:00:02,-93
BLE,1676582736912482156,DF:DF:EE:00:00:03,-87
BLE,1676582736951942676,DF:DF:EE:00:00:04,-93
BLE,1676582736985646231,DF:DF:EE:00:00:05,-90
BLE,1676582737167906738,DF:DF:EE:00:00:02,-84
BLE,1676582737409946706,DF:DF:EE:00:00:04,-97
BLE,1676582737669899894,DF:DF:EE:00:00:01,-78
BLE,1676582737712453665,DF:DF:EE:00:00:02,-85
BLE,1676582737947461434,DF:DF:EE:00:00:04,-96
BLE,1676582737990676613,DF:DF:EE:00:00:05,-95
BLE,1676582738169555748,DF:DF:EE:00:00:02,-92
BLE,1676582738416940811,DF:DF:EE:00:00:04,-94
BLE,1676582738665055448,DF:DF:EE:00:00:01,-85
BLE,1676582738712120368,DF:DF:EE:00:00:02,-92
BLE,1676582738915827342,DF:DF:EE:00:00:03,-87
BLE,1676582739003363976,DF:DF:EE:00:00:05,-94
BLE,1676582739169209159,DF:DF:EE:00:00:02,-84
BLE,1676582739672733211,DF:DF:EE:00:00:01,-79
BLE,1676582739949897964,DF:DF:EE:00:00:04,-94
BLE,1676582740009579967,DF:DF:EE:00:00:05,-93
BLE,1676582740171575493,DF:DF:EE:00:00:02,-92
BLE,1676582740414855485,DF:DF:EE:00:00:04,-94
BLE,1676582740674104350,DF:DF:EE:00:00:01,-77
BLE,1676582740712161513,DF:DF:EE:00:00:02,-92
BLE,1676582740918069167,DF:DF:EE:00:00:03,-87
BLE,1676582740955792418,DF:DF:EE:00:00:04,-93
BLE,1676582741023230902,DF:DF:EE:00:00:05,-95
BLE,1676582741173720204,DF:DF:EE:00:00:02,-84
BLE,1676582741908728155,DF:DF:EE:00:00:03,-88
BLE,1676582741946575905,DF:DF:EE:00:00:04,-92
BLE,1676582742033462298,DF:DF:EE:00:00:05,-95
BLE,1676582742169635331,DF:DF:EE:00:00:02,-86
BLE,1676582742666733552,DF:DF:EE:00:00:01,-78
BLE,1676582742707573970,DF:DF:EE:00:00:02,-85
BLE,1676582742917044285,DF:DF:EE:00:00:03,-88
BLE,1676582742954627580,DF:DF:EE:00:00:04,-93
BLE,1676582743169624571,DF:DF:EE:00:00:02,-91
BLE,1676582743407691507,DF:DF:EE:00:00:04,-93
BLE,1676582743671928890,DF:DF:EE:00:00:01,-76
BLE,1676582743714483660,DF:DF:EE:00:00:02,-84
BLE,1676582743914735888,DF:DF:EE:00:00:03,-95
BLE,1676582743952581430,DF:DF:EE:00:00:04,-95
BLE,1676582744050793256,DF:DF:EE:00:00:05,-91
BLE,1676582744170393967,DF:DF:EE:00:00:02,-85
BLE,1676582744673932228,DF:DF:EE:00:00:01,-85
BLE,1676582744913430354,DF:DF:EE:00:00:03,-84
BLE,1676582745061981598,DF:DF:EE:00:00:05,-91
BLE,1676582745170710244,DF:DF:EE:00:00:02,-93
BLE,1676582745674177923,DF:DF:EE:00:00:01,-76
BLE,1676582745711757343,DF:DF:EE:00:00:02,-92
BLE,1676582745914959365,DF:DF:EE:00:00:03,-87
BLE,1676582745950919848,DF:DF:EE:00:00:04,-93
BLE,1676582746068209256,DF:DF:EE:00:00:05,-93
BLE,1676582746169312836,DF:DF:EE:00:00:02,-84
BLE,1676582746674184287,DF:DF:EE:00:00:01,-85
BLE,1676582746707160310,DF:DF:EE:00:00:02,-84
BLE,1676582746909326887,DF:DF:EE:00:00:03,-94
BLE,1676582747170484935,DF:DF:EE:00:00:02,-92
BLE,1676582747409599191,DF:DF:EE:00:00:04,-93
BLE,1676582747670502867,DF:DF:EE:00:00:01,-85
BLE,1676582747709546643,DF:DF:EE:00:00:02,-92
BLE,1676582747912047925,DF:DF:EE:00:00:03,-88
BLE,1676582747951065284,DF:DF:EE:00:00:04,-94
BLE,1676582748167341592,DF:DF:EE:00:00:02,-84
BLE,1676582748408638319,DF:DF:EE:00:00:04,-95
BLE,1676582748711996975,DF:DF:EE:00:00:02,-84
BLE,1676582748911216175,DF:DF:EE:00:00:03,-94
BLE,1676582748949945538,DF:DF:EE:00:00:04,-93
BLE,1676582749096942304,DF:DF:EE:00:00:05,-94
BLE,1676582749167394206,DF:DF:EE:00:00:02,-85
BLE,1676582749665219375,DF:DF:EE:00:00:01,-79
BLE,1676582749709186669,DF:DF:EE:00:00:02,-85
BLE,1676582749914827409,DF:DF:EE:00:00:03,-87
BLE,1676582749952343288,DF:DF:EE:00:00:04,-93
BLE,1676582750167500819,DF:DF:EE:00:00:02,-93
BLE,1676582750703935978,DF:DF:EE:00:00:02,-82
BLE,1676582750916617208,DF:DF:EE:00:00:03,-95
BLE,1676582750950572676,DF:DF:EE:00:00:04,-96
BLE,1676582751167490684,DF:DF:EE:00:00:02,-85
BLE,1676582751665576350,DF:DF:EE:00:00:01,-78
BLE,1676582751708112579,DF:DF:EE:00:00:02,-85
BLE,1676582751912475170,DF:DF:EE:00:00:03,-85
BLE,1676582751954438448,DF:DF:EE:00:00:04,-93
BLE,1676582752172380776,DF:DF:EE:00:00:02,-84
BLE,1676582752414936653,DF:DF:EE:00:00:04,-84
BLE,1676582752669853866,DF:DF:EE:00:00:01,-61
BLE,1676582752706818128,DF:DF:EE:00:00:02,-83
BLE,1676582752908943164,DF:DF:EE:00:00:03,-88
BLE,1676582752947686819,DF:DF:EE:00:00:04,-82
BLE,1676582753144658882,DF:DF:EE:00:00:05,-90
BLE,1676582753172230767,DF:DF:EE:00:00:02,-76
BLE,1676582753706073336,DF:DF:EE:00:00:02,-68
BLE,1676582753910102430,DF:DF:EE:00:00:03,-95
BLE,1676582754151859193,DF:DF:EE:00:00:05,-75
BLE,1676582754174876222,DF:DF:EE:00:00:02,-69
BLE,1676582754414886758,DF:DF:EE:00:00:04,-96
BLE,1676582754674031916,DF:DF:EE:00:00:01,-76
BLE,1676582754713069900,DF:DF:EE:00:00:02,-93
BLE,1676582754917394116,DF:DF:EE:00:00:03,-94
BLE,1676582755165638959,DF:DF:EE:00:00:05,-90
BLE,1676582755166915359,DF:DF:EE:00:00:02,-83
BLE,1676582755709252607,DF:DF:EE:00:00:02,-84
BLE,1676582755915102802,DF:DF:EE:00:00:03,-84
BLE,1676582756166235566,DF:DF:EE:00:00:02,-85
BLE,1676582756173109808,DF:DF:EE:00:00:05,-94
BLE,1676582756412150065,DF:DF:EE:00:00:04,-93
BLE,1676582756668682216,DF:DF:EE:00:00:01,-85
BLE,1676582756706870253,DF:DF:EE:00:00:02,-86
BLE,1676582756915032793,DF:DF:EE:00:00:03,-87
BLE,1676582757169882091,DF:DF:EE:00:00:02,-84
BLE,1676582757189363500,DF:DF:EE:00:00:05,-90
BLE,1676582757411830101,DF:DF:EE:00:00:04,-95
BLE,1676582757669756608,DF:DF:EE:00:00:01,-65
BLE,1676582757950406148,DF:DF:EE:00:00:04,-95
BLE,1676582758173132121,DF:DF:EE:00:00:02,-92
BLE,1676582758196899390,DF:DF:EE:00:00:05,-95
BLE,1676582758415181130,DF:DF:EE:00:00:04,-92
BLE,1676582758670587379,DF:DF:EE:00:00:01,-85
BLE,1676582758706245657,DF:DF:EE:00:00:02,-85
BLE,1676582759171760962,DF:DF:EE:00:00:02,-84
BLE,1676582759203145672,DF:DF:EE:00:00:05,-93
BLE,1676582759412624570,DF:DF:EE:00:00:04,-95
BLE,1676582759710187887,DF:DF:EE:00:00:02,-84
BLE,1676582759909394712,DF:DF:EE:00:00:03,-87
BLE,1676582759947393751,DF:DF:EE:00:00:04,-92
BLE,1676582760169971142,DF:DF:EE:00:00:02,-86
BLE,1676582760672068630,DF:DF:EE:00:00:01,-85
BLE,1676582760917071683,DF:DF:EE:00:00:03,-87
BLE,1676582761166197724,DF:DF:EE:00:00:02,-93
BLE,1676582761406639045,DF:DF:EE:00:00:04,-92
BLE,1676582761670032439,DF:DF:EE:00:00:01,-76
BLE,1676582761707858230,DF:DF:EE:00:00:02,-94
BLE,1676582761911670286,DF:DF:EE:00:00:03,-87
BLE,1676582761949886614,DF:DF:EE:00:00:04,-94
BLE,1676582762172522338,DF:DF:EE:00:00:02,-85
BLE,1676582762233203203,DF:DF:EE:00:00:05,-90
BLE,1676582762669113107,DF:DF:EE:00:00:01,-78
BLE,1676582762710117357,DF:DF:EE:00:00:02,-85
BLE,1676582762910039381,DF:DF:EE:00:00:03,-95
BLE,1676582763174572759,DF:DF:EE:00:00:02,-83
BLE,1676582763248164370,DF:DF:EE:00:00:05,-89
BLE,1676582763411372796,DF:DF:EE:00:00:04,-93
BLE,1676582763665037151,DF:DF:EE:00:00:01,-86
BLE,1676582763711977280,DF:DF:EE:00:00:02,-83
BLE,1676582763912513796,DF:DF:EE:00:00:03,-86
BLE,1676582763947502500,DF:DF:EE:00:00:04,-92
BLE,1676582764947966234,DF:DF:EE:00:00:04,-95
BLE,1676582765166413513,DF:DF:EE:00:00:02,-86
BLE,1676582765270469888,DF:DF:EE:00:00:05,-90
BLE,1676582765675142622,DF:DF:EE:00:00:01,-76
BLE,1676582765713348033,DF:DF:EE:00:00:02,-93
BLE,1676582765906377732,DF:DF:EE:00:00:03,-85
BLE,1676582765951115932,DF:DF:EE:00:00:04,-93
BLE,1676582766167566363,DF:DF:EE:00:00:02,-83
BLE,1676582766285507429,DF:DF:EE:00:00:05,-91
BLE,1676582766670483631,DF:DF:EE:00:00:01,-80
BLE,1676582766704119395,DF:DF:EE:00:00:02,-94
BLE,1676582766907517373,DF:DF:EE:00:00:03,-87
BLE,1676582766952711609,DF:DF:EE:00:00:04,-96
BLE,1676582767165819459,DF:DF:EE:00:00:02,-86
BLE,1676582767298025336,DF:DF:EE:00:00:05,-76
BLE,1676582767671375026,DF:DF:EE:00:00:01,-86
BLE,1676582767708699866,DF:DF:EE:00:00:02,-86
BLE,1676582767909266132,DF:DF:EE:00:00:03,-85
BLE,1676582768172216531,DF:DF:EE:00:00:02,-83
BLE,1676582768306674878,DF:DF:EE:00:00:05,-90
BLE,1676582768406997844,DF:DF:EE:00:00:04,-93
BLE,1676582768670788399,DF:DF:EE:00:00:01,-76
BLE,1676582768707073252,DF:DF:EE:00:00:02,-92
BLE,1676582768913128779,DF:DF:EE:00:00:03,-97
BLE,1676582768945696348,DF:DF:EE:00:00:04,-94
BLE,1676582769317944052,DF:DF:EE:00:00:05,-91
BLE,1676582769711222687,DF:DF:EE:00:00:02,-86
BLE,1676582769913687803,DF:DF:EE:00:00:03,-84
BLE,1676582770165022064,DF:DF:EE:00:00:02,-93
BLE,1676582770324234417,DF:DF:EE:00:00:05,-93
BLE,1676582770413380031,DF:DF:EE:00:00:04,-96
BLE,1676582770708444547,DF:DF:EE:00:00:02,-92
BLE,1676582770916443381,DF:DF:EE:00:00:03,-96
BLE,1676582770947178058,DF:DF:EE:00:00:04,-91
BLE,1676582771165960041,DF:DF:EE:00:00:02,-83
BLE,1676582771339169293,DF:DF:EE:00:00:05,-94
BLE,1676582771670017378,DF:DF:EE:00:00:01,-80
BLE,1676582771909007261,DF:DF:EE:00:00:03,-100
BLE,1676582772168875451,DF:DF:EE:00:00:02,-94
BLE,1676582772351695117,DF:DF:EE:00:00:05,-94
BLE,1676582772671798844,DF:DF:EE:00:00:01,-75
BLE,1676582772705176570,DF:DF:EE:00:00:02,-87
BLE,1676582772915066379,DF:DF:EE:00:00:03,-87
BLE,1676582773172671182,DF:DF:EE:00:00:02,-87
BLE,1676582773356721457,DF:DF:EE:00:00:05,-95
BLE,1676582773672545533,DF:DF:EE:00:00:01,-79
BLE,1676582773707317531,DF:DF:EE:00:00:02,-83
BLE,1676582773910221307,DF:DF:EE:00:00:03,-97
BLE,1676582774163844622,DF:DF:EE:00:00:02,-87
BLE,1676582774413975565,DF:DF:EE:00:00:04,-93
BLE,1676582774670866003,DF:DF:EE:00:00:01,-75
BLE,1676582774702691166,DF:DF:EE:00:00:02,-85
BLE,1676582774908692817,DF:DF:EE:00:00:03,-84
BLE,1676582774950322601,DF:DF:EE:00:00:04,-92
BLE,1676582775173455776,DF:DF:EE:00:00:02,-84
BLE,1676582775375406023,DF:DF:EE:00:00:05,-91
BLE,1676582775408948705,DF:DF:EE:00:00:04,-94
BLE,1676582775667272415,DF:DF:EE:00:00:01,-76
BLE,1676582775710527552,DF:DF:EE:00:00:02,-84
BLE,1676582775948006538,DF:DF:EE:00:00:04,-95
BLE,1676582776168482248,DF:DF:EE:00:00:02,-87
BLE,1676582776663586912,DF:DF:EE:00:00:01,-78
BLE,1676582776910424566,DF:DF:EE:00:00:03,-85
BLE,1676582776952787631,DF:DF:EE:00:00:04,-93
BLE,1676582777174752613,DF:DF:EE:00:00:02,-84
BLE,1676582777406746422,DF:DF:EE:00:00:04,-93
BLE,1676582777710128870,DF:DF:EE:00:00:02,-83
BLE,1676582777916534891,DF:DF:EE:00:00:03,-97
BLE,1676582777951250974,DF:DF:EE:00:00:04,-92
BLE,1676582778169054762,DF:DF:EE:00:00:02,-86
BLE,1676582778412915622,DF:DF:EE:00:00:05,-91
BLE,1676582778666850057,DF:DF:EE:00:00:01,-78
BLE,1676582779410100190,DF:DF:EE:00:00:04,-93
BLE,1676582779425392738,DF:DF:EE:00:00:05,-92
BLE,1676582779670223877,DF:DF:EE:00:00:01,-76
BLE,1676582779706500856,DF:DF:EE:00:00:02,-93
BLE,1676582779916537996,DF:DF:EE:00:00:03,-97
BLE,1676582779947835416,DF:DF:EE:00:00:04,-93
BLE,1676582780430541868,DF:DF:EE:00:00:05,-93
BLE,1676582780711365448,DF:DF:EE:00:00:02,-87
BLE,1676582780914800300,DF:DF:EE:00:00:03,-74
BLE,1676582781170633585,DF:DF:EE:00:00:02,-91
BLE,1676582781407879699,DF:DF:EE:00:00:04,-93
BLE,1676582781446600812,DF:DF:EE:00:00:05,-93
BLE,1676582781665398879,DF:DF:EE:00:00:01,-85
BLE,1676582781710263702,DF:DF:EE:00:00:02,-92
BLE,1676582781915413074,DF:DF:EE:00:00:03,-86
BLE,1676582781949240085,DF:DF:EE:00:00:04,-94
BLE,1676582782671846450,DF:DF:EE:00:00:01,-79
BLE,1676582782707893473,DF:DF:EE:00:00:02,-84
BLE,1676582783166115041,DF:DF:EE:00:00:02,-75
BLE,1676582783414577507,DF:DF:EE:00:00:04,-91
BLE,1676582783460398068,DF:DF:EE:00:00:05,-93
BLE,1676582783667374957,DF:DF:EE:00:00:01,-85
BLE,1676582783703908599,DF:DF:EE:00:00:02,-87
BLE,1676582783912728297,DF:DF:EE:00:00:03,-86
BLE,1676582784407859419,DF:DF:EE:00:00:04,-94
BLE,1676582784467862667,DF:DF:EE:00:00:05,-94
BLE,1676582784672247216,DF:DF:EE:00:00:01,-79
BLE,1676582784703736424,DF:DF:EE:00:00:02,-82
BLE,1676582784915277420,DF:DF:EE:00:00:03,-95
BLE,1676582784945111484,DF:DF:EE:00:00:04,-93
BLE,1676582785169361853,DF:DF:EE:00:00:02,-87
BLE,1676582785669513241,DF:DF:EE:00:00:01,-86
BLE,1676582785709102926,DF:DF:EE:00:00:02,-85
BLE,1676582785910250351,DF:DF:EE:00:00:03,-85
BLE,1676582786169890586,DF:DF:EE:00:00:02,-84
BLE,1676582786413059871,DF:DF:EE:00:00:04,-94
BLE,1676582786486588899,DF:DF:EE:00:00:05,-92
BLE,1676582786672862354,DF:DF:EE:00:00:01,-78
BLE,1676582786714016560,DF:DF:EE:00:00:02,-83
BLE,1676582786947950384,DF:DF:EE:00:00:04,-95
BLE,1676582787169360957,DF:DF:EE:00:00:02,-86
BLE,1676582787492866389,DF:DF:EE:00:00:05,-93
BLE,1676582787666565718,DF:DF:EE:00:00:01,-79
BLE,1676582788170293393,DF:DF:EE:00:00:02,-93
BLE,1676582788416100810,DF:DF:EE:00:00:04,-95
BLE,1676582788497880813,DF:DF:EE:00:00:05,-94
BLE,1676582788667985356,DF:DF:EE:00:00:01,-76
BLE,1676582788702410568,DF:DF:EE:00:00:02,-87
BLE,1676582788955422931,DF:DF:EE:00:00:04,-94
BLE,1676582789509157153,DF:DF:EE:00:00:05,-94
BLE,1676582789666310701,DF:DF:EE:00:00:01,-79
BLE,1676582789705442434,DF:DF:EE:00:00:02,-84
BLE,1676582789908188712,DF:DF:EE:00:00:03,-96
BLE,1676582789948705093,DF:DF:EE:00:00:04,-95
BLE,1676582790170353830,DF:DF:EE:00:00:02,-92
BLE,1676582790415369675,DF:DF:EE:00:00:04,-94
BLE,1676582790521761352,DF:DF:EE:00:00:05,-94
BLE,1676582790672791939,DF:DF:EE:00:00:01,-76
BLE,1676582790708336177,DF:DF:EE:00:00:02,-94
BLE,1676582790916107389,DF:DF:EE:00:00:03,-86
BLE,1676582790953034109,DF:DF:EE:00:00:04,-91
BLE,1676582791172982035,DF:DF:EE:00:00:02,-86
BLE,1676582791534253218,DF:DF:EE:00:00:05,-94
BLE,1676582791667994492,DF:DF:EE:00:00:01,-80
BLE,1676582791705091126,DF:DF:EE:00:00:02,-83
BLE,1676582791911861560,DF:DF:EE:00:00:03,-97
BLE,1676582792171708417,DF:DF:EE:00:00:02,-93
BLE,1676582792413450263,DF:DF:EE:00:00:04,-93
BLE,1676582792549229926,DF:DF:EE:00:00:05,-94
BLE,1676582792673353661,DF:DF:EE:00:00:01,-77
BLE,1676582792708209742,DF:DF:EE:00:00:02,-86
BLE,1676582792914461265,DF:DF:EE:00:00:03,-87
BLE,1676582792953839120,DF:DF:EE:00:00:04,-94
BLE,1676582793172061152,DF:DF:EE:00:00:02,-83
BLE,1676582793410767163,DF:DF:EE:00:00:04,-93
BLE,1676582793561785209,DF:DF:EE:00:00:05,-95
BLE,1676582793710901821,DF:DF:EE:00:00:02,-83
BLE,1676582793907768427,DF:DF:EE:00:00:03,-87
BLE,1676582793952603751,DF:DF:EE:00:00:04,-94
BLE,1676582794173924950,DF:DF:EE:00:00:02,-92
BLE,1676582794571820149,DF:DF:EE:00:00:05,-95
BLE,1676582794675273865,DF:DF:EE:00:00:01,-77
BLE,1676582794705027305,DF:DF:EE:00:00:02,-85
BLE,1676582795175055842,DF:DF:EE:00:00:02,-85
BLE,1676582795587998717,DF:DF:EE:00:00:05,-92
BLE,1676582795668413029,DF:DF:EE:00:00:01,-77
BLE,1676582795711244379,DF:DF:EE:00:00:02,-84
BLE,1676582795907126082,DF:DF:EE:00:00:03,-85
BLE,1676582795949018153,DF:DF:EE:00:00:04,-94
BLE,1676582796172594906,DF:DF:EE:00:00:02,-76
BLE,1676582796596790299,DF:DF:EE:00:00:05,-93
BLE,1676582796673820697,DF:DF:EE:00:00:01,-86
BLE,1676582796913845441,DF:DF:EE:00:00:03,-84
BLE,1676582797165642904,DF:DF:EE:00:00:02,-93
BLE,1676582797412602265,DF:DF:EE:00:00:04,-95
BLE,1676582797670661770,DF:DF:EE:00:00:01,-76
BLE,1676582797713749992,DF:DF:EE:00:00:02,-84
BLE,1676582797907877301,DF:DF:EE:00:00:03,-76
BLE,1676582797953114661,DF:DF:EE:00:00:04,-94
BLE,1676582798171776104,DF:DF:EE:00:00:02,-86
BLE,1676582798669988769,DF:DF:EE:00:00:01,-78
BLE,1676582799172492876,DF:DF:EE:00:00:02,-93
BLE,1676582799415425332,DF:DF:EE:00:00:04,-95
BLE,1676582799673157925,DF:DF:EE:00:00:01,-77
BLE,1676582799704384137,DF:DF:EE:00:00:02,-87
BLE,1676582799913490790,DF:DF:EE:00:00:03,-87
BLE,1676582799952542190,DF:DF:EE:00:00:04,-93
BLE,1676582800642073992,DF:DF:EE:00:00:05,-90
BLE,1676582800669837917,DF:DF:EE:00:00:01,-80
BLE,1676582800709622641,DF:DF:EE:00:00:02,-83
BLE,1676582800906595454,DF:DF:EE:00:00:03,-86
BLE,1676582800947023545,DF:DF:EE:00:00:04,-94
BLE,1676582801173388136,DF:DF:EE:00:00:02,-94
BLE,1676582801411402823,DF:DF:EE:00:00:04,-92
BLE,1676582801654264029,DF:DF:EE:00:00:05,-90
BLE,1676582801674141308,DF:DF:EE:00:00:01,-76
BLE,1676582801706409090,DF:DF:EE:00:00:02,-86
BLE,1676582801913237564,DF:DF:EE:00:00:03,-87
BLE,1676582802167947281,DF:DF:EE:00:00:02,-84
BLE,1676582802663396648,DF:DF:EE:00:00:05,-91
BLE,1676582802673244851,DF:DF:EE:00:00:01,-78
BLE,1676582802704436939,DF:DF:EE:00:00:02,-93
BLE,1676582802906918763,DF:DF:EE:00:00:03,-85
BLE,1676582802953815059,DF:DF:EE:00:00:04,-95
BLE,1676582803166693454,DF:DF:EE:00:00:02,-85
BLE,1676582803413454692,DF:DF:EE:00:00:04,-92
BLE,1676582803665197906,DF:DF:EE:00:00:01,-80
BLE,1676582803672956553,DF:DF:EE:00:00:05,-93
BLE,1676582803708280545,DF:DF:EE:00:00:02,-86
BLE,1676582803912722134,DF:DF:EE:00:00:03,-84
BLE,1676582804171807251,DF:DF:EE:00:00:02,-83
BLE,1676582804405627618,DF:DF:EE:00:00:04,-92
BLE,1676582804690545727,DF:DF:EE:00:00:05,-91
BLE,1676582804713064013,DF:DF:EE:00:00:02,-83
BLE,1676582804914820971,DF:DF:EE:00:00:03,-96
BLE,1676582804946805923,DF:DF:EE:00:00:04,-92
BLE,1676582805165961943,DF:DF:EE:00:00:02,-84
BLE,1676582805663999818,DF:DF:EE:00:00:01,-79
BLE,1676582805700533335,DF:DF:EE:00:00:05,-92
BLE,1676582805908287755,DF:DF:EE:00:00:03,-96
BLE,1676582806167709660,DF:DF:EE:00:00:02,-94
BLE,1676582806408210356,DF:DF:EE:00:00:04,-92
BLE,1676582806670640553,DF:DF:EE:00:00:01,-77
BLE,1676582806709291709,DF:DF:EE:00:00:05,-93
BLE,1676582806713318822,DF:DF:EE:00:00:02,-84
BLE,1676582806908279495,DF:DF:EE:00:00:03,-86
BLE,1676582807706929897,DF:DF:EE:00:00:02,-84
BLE,1676582807718041875,DF:DF:EE:00:00:05,-92
BLE,1676582807947236928,DF:DF:EE:00:00:04,-94
BLE,1676582808164502682,DF:DF:EE:00:00:02,-87
BLE,1676582808410644595,DF:DF:EE:00:00:04,-92
BLE,1676582808671995598,DF:DF:EE:00:00:01,-77
BLE,1676582808724271615,DF:DF:EE:00:00:05,-96
BLE,1676582808912056592,DF:DF:EE:00:00:03,-87
BLE,1676582808952701179,DF:DF:EE:00:00:04,-94
BLE,1676582809167119178,DF:DF:EE:00:00:02,-84
BLE,1676582809665465883,DF:DF:EE:00:00:01,-77
BLE,1676582809705273273,DF:DF:EE:00:00:02,-84
BLE,1676582809911832334,DF:DF:EE:00:00:03,-96
BLE,1676582809945760302,DF:DF:EE:00:00:04,-95
BLE,1676582810174088618,DF:DF:EE:00:00:02,-92
BLE,1676582810673228311,DF:DF:EE:00:00:01,-76
BLE,1676582810706217875,DF:DF:EE:00:00:02,-86
BLE,1676582810907811086,DF:DF:EE:00:00:03,-84
BLE,1676582810950855517,DF:DF:EE:00:00:04,-93
BLE,1676582811173324909,DF:DF:EE:00:00:02,-83
BLE,1676582811672966971,DF:DF:EE:00:00:01,-79
BLE,1676582811713424436,DF:DF:EE:00:00:02,-83
BLE,1676582811756798530,DF:DF:EE:00:00:05,-93
BLE,1676582811905879642,DF:DF:EE:00:00:03,-86
BLE,1676582812169959527,DF:DF:EE:00:00:02,-86
BLE,1676582812666524963,DF:DF:EE:00:00:01,-65
BLE,1676582812708175537,DF:DF:EE:00:00:02,-75
BLE,1676582812762854940,DF:DF:EE:00:00:05,-80
BLE,1676582813171250166,DF:DF:EE:00:00:02,-83
BLE,1676582813666583493,DF:DF:EE:00:00:01,-76
BLE,1676582813707010542,DF:DF:EE:00:00:02,-81
BLE,1676582813770472370,DF:DF:EE:00:00:05,-83
BLE,1676582813909491699,DF:DF:EE:00:00:03,-76
BLE,1676582813946069257,DF:DF:EE:00:00:04,-94
BLE,1676582814165298693,DF:DF:EE:00:00:02,-72
BLE,1676582814665455582,DF:DF:EE:00:00:01,-79
BLE,1676582814787851839,DF:DF:EE:00:00:05,-93
BLE,1676582815166954244,DF:DF:EE:00:00:02,-93
BLE,1676582815414822759,DF:DF:EE:00:00:04,-95
BLE,1676582815671951652,DF:DF:EE:00:00:01,-75
BLE,1676582815705881037,DF:DF:EE:00:00:02,-92
BLE,1676582815795454353,DF:DF:EE:00:00:05,-93
BLE,1676582815904697784,DF:DF:EE:00:00:03,-86
BLE,1676582815946946725,DF:DF:EE:00:00:04,-93
BLE,1676582816165369796,DF:DF:EE:00:00:02,-83
BLE,1676582816668601394,DF:DF:EE:00:00:01,-78
BLE,1676582816708456784,DF:DF:EE:00:00:02,-84
BLE,1676582816800473818,DF:DF:EE:00:00:05,-95
BLE,1676582816909871080,DF:DF:EE:00:00:03,-97
BLE,1676582816944914534,DF:DF:EE:00:00:04,-94
BLE,1676582817165878571,DF:DF:EE:00:00:02,-86
BLE,1676582817410491338,DF:DF:EE:00:00:04,-93
BLE,1676582817672167504,DF:DF:EE:00:00:01,-76
BLE,1676582817707886907,DF:DF:EE:00:00:02,-93
BLE,1676582817815455276,DF:DF:EE:00:00:05,-93
BLE,1676582817907004191,DF:DF:EE:00:00:03,-86
BLE,1676582818171123325,DF:DF:EE:00:00:02,-83
BLE,1676582818707279696,DF:DF:EE:00:00:02,-84
BLE,1676582818910345887,DF:DF:EE:00:00:03,-95
BLE,1676582819674165790,DF:DF:EE:00:00:01,-76
BLE,1676582819835376701,DF:DF:EE:00:00:05,-91
BLE,1676582819908858646,DF:DF:EE:00:00:03,-85
BLE,1676582819951165670,DF:DF:EE:00:00:04,-93
BLE,1676582820170486980,DF:DF:EE:00:00:02,-83
BLE,1676582820411766832,DF:DF:EE:00:00:04,-94
BLE,1676582820708791114,DF:DF:EE:00:00:02,-84
BLE,1676582820847842942,DF:DF:EE:00:00:05,-90
BLE,1676582820915718670,DF:DF:EE:00:00:03,-98
BLE,1676582820943637343,DF:DF:EE:00:00:04,-93
BLE,1676582821165824573,DF:DF:EE:00:00:02,-85
BLE,1676582821672333002,DF:DF:EE:00:00:01,-86
BLE,1676582821709242723,DF:DF:EE:00:00:02,-85
BLE,1676582821859224532,DF:DF:EE:00:00:05,-92
BLE,1676582821909615616,DF:DF:EE:00:00:03,-84
BLE,1676582822165518483,DF:DF:EE:00:00:02,-93
BLE,1676582822413410206,DF:DF:EE:00:00:04,-95
BLE,1676582822710535362,DF:DF:EE:00:00:02,-84
BLE,1676582822869551343,DF:DF:EE:00:00:05,-91
BLE,1676582822911094378,DF:DF:EE:00:00:03,-86
BLE,1676582822952052420,DF:DF:EE:00:00:04,-96
BLE,1676582823166635166,DF:DF:EE:00:00:02,-83
BLE,1676582823665189285,DF:DF:EE:00:00:01,-79
BLE,1676582823708419421,DF:DF:EE:00:00:02,-86
BLE,1676582823913748582,DF:DF:EE:00:00:03,-85
BLE,1676582824413386228,DF:DF:EE:00:00:04,-94
BLE,1676582824664765280,DF:DF:EE:00:00:01,-86
BLE,1676582824706106692,DF:DF:EE:00:00:02,-93
BLE,1676582824881731162,DF:DF:EE:00:00:05,-94
BLE,1676582824912485339,DF:DF:EE:00:00:03,-86
BLE,1676582825172221114,DF:DF:EE:00:00:02,-86
BLE,1676582825666166084,DF:DF:EE:00:00:01,-78
BLE,1676582825710808453,DF:DF:EE:00:00:02,-86
BLE,1676582825946100051,DF:DF:EE:00:00:04,-93
BLE,1676582826168646484,DF:DF:EE:00:00:02,-93
BLE,1676582826411967851,DF:DF:EE:00:00:04,-91
BLE,1676582826672809403,DF:DF:EE:00:00:01,-76
BLE,1676582826709451919,DF:DF:EE:00:00:02,-93
BLE,1676582826900434769,DF:DF:EE:00:00:05,-93
BLE,1676582826907893879,DF:DF:EE:00:00:03,-85
BLE,1676582827167157244,DF:DF:EE:00:00:02,-84
BLE,1676582827408936256,DF:DF:EE:00:00:04,-95
BLE,1676582827670250052,DF:DF:EE:00:00:01,-79
BLE,1676582827710635726,DF:DF:EE:00:00:02,-85
BLE,1676582827909978716,DF:DF:EE:00:00:03,-96
BLE,1676582828168657797,DF:DF:EE:00:00:02,-86
BLE,1676582828669955879,DF:DF:EE:00:00:01,-85
BLE,1676582828705620491,DF:DF:EE:00:00:02,-86
BLE,1676582828908119605,DF:DF:EE:00:00:03,-87
BLE,1676582828925325336,DF:DF:EE:00:00:05,-90
BLE,1676582829163816559,DF:DF:EE:00:00:02,-93
BLE,1676582829411883030,DF:DF:EE:00:00:04,-95
BLE,1676582829711507278,DF:DF:EE:00:00:02,-84
BLE,1676582829914773049,DF:DF:EE:00:00:03,-97
BLE,1676582829934066086,DF:DF:EE:00:00:05,-90
BLE,1676582829952534425,DF:DF:EE:00:00:04,-94
BLE,1676582830167648915,DF:DF:EE:00:00:02,-86
BLE,1676582830663490610,DF:DF:EE:00:00:01,-79
BLE,1676582830710582571,DF:DF:EE:00:00:02,-86
BLE,1676582830905945655,DF:DF:EE:00:00:03,-95
BLE,1676582831164412531,DF:DF:EE:00:00:02,-93
BLE,1676582831407838646,DF:DF:EE:00:00:04,-93
BLE,1676582831668114872,DF:DF:EE:00:00:01,-76
BLE,1676582831711179553,DF:DF:EE:00:00:02,-83
BLE,1676582831908852857,DF:DF:EE:00:00:03,-75
BLE,1676582831948238753,DF:DF:EE:00:00:04,-93
BLE,1676582831955329201,DF:DF:EE:00:00:05,-94
BLE,1676582832668725479,DF:DF:EE:00:00:01,-78
BLE,1676582832709973309,DF:DF:EE:00:00:02,-86
BLE,1676582832908815472,DF:DF:EE:00:00:03,-97
BLE,1676582832971542101,DF:DF:EE:00:00:05,-92
BLE,1676582833163737686,DF:DF:EE:00:00:02,-86
BLE,1676582833409987681,DF:DF:EE:00:00:04,-93
BLE,1676582833673759152,DF:DF:EE:00:00:01,-76
BLE,1676582833702448690,DF:DF:EE:00:00:02,-86
BLE,1676582833904786307,DF:DF:EE:00:00:03,-84
BLE,1676582833946944333,DF:DF:EE:00:00:04,-92
BLE,1676582834665722998,DF:DF:EE:00:00:01,-79
BLE,1676582834705000396,DF:DF:EE:00:00:02,-84
BLE,1676582834905799616,DF:DF:EE:00:00:03,-95
BLE,1676582834946138375,DF:DF:EE:00:00:04,-95
BLE,1676582834994082658,DF:DF:EE:00:00:05,-93
BLE,1676582835170045915,DF:DF:EE:00:00:02,-92
BLE,1676582835408270808,DF:DF:EE:00:00:04,-92
BLE,1676582835666951180,DF:DF:EE:00:00:01,-85
BLE,1676582835705005927,DF:DF:EE:00:00:02,-85
BLE,1676582835909465474,DF:DF:EE:00:00:03,-85
BLE,1676582835949496404,DF:DF:EE:00:00:04,-93
BLE,1676582836001472175,DF:DF:EE:00:00:05,-93
BLE,1676582836168850629,DF:DF:EE:00:00:02,-83
BLE,1676582836706354524,DF:DF:EE:00:00:02,-83
BLE,1676582837011597322,DF:DF:EE:00:00:05,-94
BLE,1676582837163971600,DF:DF:EE:00:00:02,-86
BLE,1676582837668553847,DF:DF:EE:00:00:01,-85
BLE,1676582837706196974,DF:DF:EE:00:00:02,-85
BLE,1676582837910023405,DF:DF:EE:00:00:03,-84
BLE,1676582838026467116,DF:DF:EE:00:00:05,-94
BLE,1676582838169503017,DF:DF:EE:00:00:02,-85
BLE,1676582838412647219,DF:DF:EE:00:00:04,-94
BLE,1676582838671148594,DF:DF:EE:00:00:01,-79
BLE,1676582838712135177,DF:DF:EE:00:00:02,-83
BLE,1676582838911696748,DF:DF:EE:00:00:03,-96
BLE,1676582838942466841,DF:DF:EE:00:00:04,-92
BLE,1676582839669055695,DF:DF:EE:00:00:01,-86
BLE,1676582839705540421,DF:DF:EE:00:00:02,-86
BLE,1676582840058951749,DF:DF:EE:00:00:05,-91
BLE,1676582840171072517,DF:DF:EE:00:00:02,-83
BLE,1676582840669791508,DF:DF:EE:00:00:01,-77
BLE,1676582840707047391,DF:DF:EE:00:00:02,-93
BLE,1676582840907052913,DF:DF:EE:00:00:03,-86
BLE,1676582840943946717,DF:DF:EE:00:00:04,-92
BLE,1676582841071401866,DF:DF:EE:00:00:05,-92
BLE,1676582841172432197,DF:DF:EE:00:00:02,-86
BLE,1676582841667151908,DF:DF:EE:00:00:01,-79
BLE,1676582841911381763,DF:DF:EE:00:00:03,-85
BLE,1676582842086441574,DF:DF:EE:00:00:05,-92
BLE,1676582842170843208,DF:DF:EE:00:00:02,-94
BLE,1676582842665772249,DF:DF:EE:00:00:01,-86
BLE,1676582842708568683,DF:DF:EE:00:00:02,-93
BLE,1676582842904221055,DF:DF:EE:00:00:03,-84
BLE,1676582843092691272,DF:DF:EE:00:00:05,-94
BLE,1676582843167937236,DF:DF:EE:00:00:02,-83
BLE,1676582843668987530,DF:DF:EE:00:00:01,-78
BLE,1676582843710837810,DF:DF:EE:00:00:02,-86
BLE,1676582843947807927,DF:DF:EE:00:00:04,-94
BLE,1676582844101430813,DF:DF:EE:00:00:05,-94
BLE,1676582844169970657,DF:DF:EE:00:00:02,-92
BLE,1676582844411679712,DF:DF:EE:00:00:04,-93
BLE,1676582844671246406,DF:DF:EE:00:00:01,-76
BLE,1676582844705815408,DF:DF:EE:00:00:02,-86
BLE,1676582844905534309,DF:DF:EE:00:00:03,-84
BLE,1676582844952146318,DF:DF:EE:00:00:04,-91
BLE,1676582845110161688,DF:DF:EE:00:00:05,-93
BLE,1676582845403805306,DF:DF:EE:00:00:04,-92
BLE,1676582845672342506,DF:DF:EE:00:00:01,-79
BLE,1676582845912658996,DF:DF:EE:00:00:03,-96
BLE,1676582845948888518,DF:DF:EE:00:00:04,-93
BLE,1676582846123957495,DF:DF:EE:00:00:05,-93
BLE,1676582846171375535,DF:DF:EE:00:00:02,-93
BLE,1676582846670184358,DF:DF:EE:00:00:01,-86
BLE,1676582846708843722,DF:DF:EE:00:00:02,-86
BLE,1676582846906680774,DF:DF:EE:00:00:03,-85
BLE,1676582847168347065,DF:DF:EE:00:00:02,-69
BLE,1676582847406178588,DF:DF:EE:00:00:04,-93
BLE,1676582847672378819,DF:DF:EE:00:00:01,-79
BLE,1676582847704768932,DF:DF:EE:00:00:02,-93
BLE,1676582847915325607,DF:DF:EE:00:00:03,-96
BLE,1676582848148967227,DF:DF:EE:00:00:05,-94
BLE,1676582848667116087,DF:DF:EE:00:00:01,-78
BLE,1676582848703757186,DF:DF:EE:00:00:02,-84
BLE,1676582848912398428,DF:DF:EE:00:00:03,-71
BLE,1676582849157672519,DF:DF:EE:00:00:05,-94
BLE,1676582849665687554,DF:DF:EE:00:00:01,-76
BLE,1676582849707313670,DF:DF:EE:00:00:02,-92
BLE,1676582849943577464,DF:DF:EE:00:00:04,-92
BLE,1676582850166583016,DF:DF:EE:00:00:02,-84
BLE,1676582850668465215,DF:DF:EE:00:00:01,-80
BLE,1676582850905185002,DF:DF:EE:00:00:03,-97
BLE,1676582851163576087,DF:DF:EE:00:00:02,-86
BLE,1676582851409749166,DF:DF:EE:00:00:04,-94
BLE,1676582851669681772,DF:DF:EE:00:00:01,-61
BLE,1676582851712258709,DF:DF:EE:00:00:02,-93
BLE,1676582851913815003,DF:DF:EE:00:00:03,-87
BLE,1676582852166901949,DF:DF:EE:00:00:02,-84
BLE,1676582852407724641,DF:DF:EE:00:00:04,-95
BLE,1676582852706979352,DF:DF:EE:00:00:02,-84
BLE,1676582852948621699,DF:DF:EE:00:00:04,-94
BLE,1676582853165136171,DF:DF:EE:00:00:02,-86
BLE,1676582853201576897,DF:DF:EE:00:00:05,-91
BLE,1676582853665514473,DF:DF:EE:00:00:01,-86
BLE,1676582853706992175,DF:DF:EE:00:00:02,-85
BLE,1676582853708542738,DF:DF:EE:00:00:02,-93
BLE,1676582853908811382,DF:DF:EE:00:00:03,-84
BLE,1676582854171263788,DF:DF:EE:00:00:02,-83
BLE,1676582854206590029,DF:DF:EE:00:00:05,-95
BLE,1676582854404838575,DF:DF:EE:00:00:04,-93
BLE,1676582854667446187,DF:DF:EE:00:00:01,-76
BLE,1676582854911372296,DF:DF:EE:00:00:03,-98
BLE,1676582854949343669,DF:DF:EE:00:00:04,-85
BLE,1676582855164537242,DF:DF:EE:00:00:02,-86
BLE,1676582855214009838,DF:DF:EE:00:00:05,-93
BLE,1676582855663838475,DF:DF:EE:00:00:01,-80
BLE,1676582855910484423,DF:DF:EE:00:00:03,-85
BLE,1676582856166046920,DF:DF:EE:00:00:02,-92
BLE,1676582856226523704,DF:DF:EE:00:00:05,-92
BLE,1676582856404062898,DF:DF:EE:00:00:04,-92
BLE,1676582856666318973,DF:DF:EE:00:00:01,-76
BLE,1676582856712734277,DF:DF:EE:00:00:02,-84
BLE,1676582856951029668,DF:DF:EE:00:00:04,-94
BLE,1676582857166701609,DF:DF:EE:00:00:02,-87
BLE,1676582857668750431,DF:DF:EE:00:00:01,-86
BLE,1676582857711347326,DF:DF:EE:00:00:02,-87
BLE,1676582858168335952,DF:DF:EE:00:00:02,-92
BLE,1676582858411482988,DF:DF:EE:00:00:04,-94
BLE,1676582858667096318,DF:DF:EE:00:00:01,-76
BLE,1676582858706006470,DF:DF:EE:00:00:02,-93
BLE,1676582858905255086,DF:DF:EE:00:00:03,-84
BLE,1676582859168912434,DF:DF:EE:00:00:02,-86
BLE,1676582859255403083,DF:DF:EE:00:00:05,-92
BLE,1676582859671676872,DF:DF:EE:00:00:01,-86
BLE,1676582859709115752,DF:DF:EE:00:00:02,-85
BLE,1676582860669632180,DF:DF:EE:00:00:01,-76
BLE,1676582860708789538,DF:DF:EE:00:00:02,-93
BLE,1676582860907106083,DF:DF:EE:00:00:03,-85
BLE,1676582860946633060,DF:DF:EE:00:00:04,-93
BLE,1676582861168225298,DF:DF:EE:00:00:02,-83
BLE,1676582861281487301,DF:DF:EE:00:00:05,-91
BLE,1676582861408999115,DF:DF:EE:00:00:04,-93
BLE,1676582861668680974,DF:DF:EE:00:00:01,-80
BLE,1676582861910481653,DF:DF:EE:00:00:03,-95
BLE,1676582861941920279,DF:DF:EE:00:00:04,-91
BLE,1676582862164237924,DF:DF:EE:00:00:02,-86
BLE,1676582862290471339,DF:DF:EE:00:00:05,-91
BLE,1676582862671754049,DF:DF:EE:00:00:01,-76
BLE,1676582862711530523,DF:DF:EE:00:00:02,-93
BLE,1676582862909037704,DF:DF:EE:00:00:03,-85
BLE,1676582863170800785,DF:DF:EE:00:00:02,-84
BLE,1676582863302796957,DF:DF:EE:00:00:05,-91
BLE,1676582863709205002,DF:DF:EE:00:00:02,-84
BLE,1676582863904024510,DF:DF:EE:00:00:03,-86
BLE,1676582863950825349,DF:DF:EE:00:00:04,-95
BLE,1676582864164067322,DF:DF:EE:00:00:02,-76
BLE,1676582864310305181,DF:DF:EE:00:00:05,-93
BLE,1676582864669554474,DF:DF:EE:00:00:01,-85
BLE,1676582864910528205,DF:DF:EE:00:00:03,-85
BLE,1676582865164364391,DF:DF:EE:00:00:02,-93
BLE,1676582865320308497,DF:DF:EE:00:00:05,-92
BLE,1676582865411275794,DF:DF:EE:00:00:04,-94
BLE,1676582865666999997,DF:DF:EE:00:00:01,-76
BLE,1676582865707042093,DF:DF:EE:00:00:02,-94
BLE,1676582865909966244,DF:DF:EE:00:00:03,-75
BLE,1676582865941574659,DF:DF:EE:00:00:04,-93
BLE,1676582866326578362,DF:DF:EE:00:00:05,-93
BLE,1676582866672540539,DF:DF:EE:00:00:01,-86
BLE,1676582866908699126,DF:DF:EE:00:00:03,-85
BLE,1676582867339054687,DF:DF:EE:00:00:05,-94
BLE,1676582867409466048,DF:DF:EE:00:00:04,-91
BLE,1676582867669251780,DF:DF:EE:00:00:01,-77
BLE,1676582867712829996,DF:DF:EE:00:00:02,-84
BLE,1676582867903808305,DF:DF:EE:00:00:03,-84
BLE,1676582867946918652,DF:DF:EE:00:00:04,-92
BLE,1676582868665603693,DF:DF:EE:00:00:01,-79
BLE,1676582868709974107,DF:DF:EE:00:00:02,-86
BLE,1676582868905512355,DF:DF:EE:00:00:03,-97
BLE,1676582868945579659,DF:DF:EE:00:00:04,-94
BLE,1676582869171027637,DF:DF:EE:00:00:02,-93
BLE,1676582869410359015,DF:DF:EE:00:00:04,-93
BLE,1676582869672296345,DF:DF:EE:00:00:01,-76
BLE,1676582869709510103,DF:DF:EE:00:00:02,-93
BLE,1676582869907062408,DF:DF:EE:00:00:03,-85
BLE,1676582870369006469,DF:DF:EE:00:00:05,-92
BLE,1676582870908118259,DF:DF:EE:00:00:03,-95
BLE,1676582870948753055,DF:DF:EE:00:00:04,-94
BLE,1676582871170974451,DF:DF:EE:00:00:02,-92
BLE,1676582871376355444,DF:DF:EE:00:00:05,-94
BLE,1676582871411565771,DF:DF:EE:00:00:04,-92
BLE,1676582871668111588,DF:DF:EE:00:00:01,-86
BLE,1676582872168323517,DF:DF:EE:00:00:02,-83
BLE,1676582872388207444,DF:DF:EE:00:00:05,-84
BLE,1676582872412209335,DF:DF:EE:00:00:04,-94
BLE,1676582872670464755,DF:DF:EE:00:00:01,-65
BLE,1676582872911910355,DF:DF:EE:00:00:03,-85
BLE,1676582873167292271,DF:DF:EE:00:00:02,-75
BLE,1676582873391471266,DF:DF:EE:00:00:05,-94
BLE,1676582873668364314,DF:DF:EE:00:00:01,-75
BLE,1676582873706911471,DF:DF:EE:00:00:02,-76
BLE,1676582873908247226,DF:DF:EE:00:00:03,-72
BLE,1676582874172912728,DF:DF:EE:00:00:02,-69
BLE,1676582874409418477,DF:DF:EE:00:00:04,-95
BLE,1676582874669125377,DF:DF:EE:00:00:01,-77
BLE,1676582874707403496,DF:DF:EE:00:00:02,-93
BLE,1676582874902308628,DF:DF:EE:00:00:03,-84
BLE,1676582874947304408,DF:DF:EE:00:00:04,-93
BLE,1676582875168112240,DF:DF:EE:00:00:02,-85
BLE,1676582875403887206,DF:DF:EE:00:00:04,-94
BLE,1676582875665415458,DF:DF:EE:00:00:01,-79
BLE,1676582875704137612,DF:DF:EE:00:00:02,-83
BLE,1676582875905208538,DF:DF:EE:00:00:03,-95
BLE,1676582876169598043,DF:DF:EE:00:00:02,-93
BLE,1676582876412877035,DF:DF:EE:00:00:04,-95
BLE,1676582876703983937,DF:DF:EE:00:00:02,-93
BLE,1676582877170504771,DF:DF:EE:00:00:02,-86
BLE,1676582877433974871,DF:DF:EE:00:00:05,-92
BLE,1676582877710329385,DF:DF:EE:00:00:02,-86
BLE,1676582877904843730,DF:DF:EE:00:00:03,-95
BLE,1676582877942282486,DF:DF:EE:00:00:04,-93
BLE,1676582878171792619,DF:DF:EE:00:00:02,-92
BLE,1676582878440229653,DF:DF:EE:00:00:05,-94
BLE,1676582878671460680,DF:DF:EE:00:00:01,-77
BLE,1676582878711992894,DF:DF:EE:00:00:02,-93
BLE,1676582878904073064,DF:DF:EE:00:00:03,-84
BLE,1676582878949357590,DF:DF:EE:00:00:04,-93
BLE,1676582879170226462,DF:DF:EE:00:00:02,-84
BLE,1676582879406951333,DF:DF:EE:00:00:04,-95
BLE,1676582879446524852,DF:DF:EE:00:00:05,-94
BLE,1676582879666983854,DF:DF:EE:00:00:01,-79
BLE,1676582879705201807,DF:DF:EE:00:00:02,-84
BLE,1676582879911871284,DF:DF:EE:00:00:03,-96
BLE,1676582879943955485,DF:DF:EE:00:00:04,-95
BLE,1676582880410183405,DF:DF:EE:00:00:04,-93
BLE,1676582880461480435,DF:DF:EE:00:00:05,-94
BLE,1676582880666728472,DF:DF:EE:00:00:01,-86
BLE,1676582880911919773,DF:DF:EE:00:00:03,-87
BLE,1676582881170699311,DF:DF:EE:00:00:02,-84
BLE,1676582881411868373,DF:DF:EE:00:00:04,-96
BLE,1676582881703829763,DF:DF:EE:00:00:02,-92
BLE,1676582881911953346,DF:DF:EE:00:00:03,-96
BLE,1676582881949880844,DF:DF:EE:00:00:04,-95
BLE,1676582882172033783,DF:DF:EE:00:00:02,-92
BLE,1676582882481520858,DF:DF:EE:00:00:05,-94
BLE,1676582882668731134,DF:DF:EE:00:00:01,-86
BLE,1676582882707787201,DF:DF:EE:00:00:02,-85
BLE,1676582882906478158,DF:DF:EE:00:00:03,-73
BLE,1676582883171025286,DF:DF:EE:00:00:02,-84
BLE,1676582883403463630,DF:DF:EE:00:00:04,-93
BLE,1676582883666099908,DF:DF:EE:00:00:01,-77
BLE,1676582883702301763,DF:DF:EE:00:00:02,-94
BLE,1676582883906998099,DF:DF:EE:00:00:03,-87
BLE,1676582883943130580,DF:DF:EE:00:00:04,-94
BLE,1676582884170402075,DF:DF:EE:00:00:02,-85
BLE,1676582884670985250,DF:DF:EE:00:00:01,-86
BLE,1676582885168847086,DF:DF:EE:00:00:02,-92
BLE,1676582885407928300,DF:DF:EE:00:00:04,-92
BLE,1676582885513915691,DF:DF:EE:00:00:05,-91
BLE,1676582885669478260,DF:DF:EE:00:00:01,-61
BLE,1676582885713124058,DF:DF:EE:00:00:02,-83
BLE,1676582885902504680,DF:DF:EE:00:00:03,-84
BLE,1676582886526533847,DF:DF:EE:00:00:05,-92
BLE,1676582886666849284,DF:DF:EE:00:00:01,-79
BLE,1676582886703393926,DF:DF:EE:00:00:02,-83
BLE,1676582887663344987,DF:DF:EE:00:00:01,-86
BLE,1676582887704063407,DF:DF:EE:00:00:02,-86
BLE,1676582888170026248,DF:DF:EE:00:00:02,-83
BLE,1676582888404757353,DF:DF:EE:00:00:04,-95
BLE,1676582888551277917,DF:DF:EE:00:00:05,-92
BLE,1676582888708238592,DF:DF:EE:00:00:02,-83
BLE,1676582888904109419,DF:DF:EE:00:00:03,-86
BLE,1676582888944659550,DF:DF:EE:00:00:04,-86
BLE,1676582889166318620,DF:DF:EE:00:00:02,-86
BLE,1676582889668259443,DF:DF:EE:00:00:01,-86
BLE,1676582889710056516,DF:DF:EE:00:00:02,-93
BLE,1676582889908457810,DF:DF:EE:00:00:03,-85
BLE,1676582890166634314,DF:DF:EE:00:00:02,-84
BLE,1676582890410345467,DF:DF:EE:00:00:04,-94
BLE,1676582890577693464,DF:DF:EE:00:00:05,-93
BLE,1676582890671860552,DF:DF:EE:00:00:01,-79
BLE,1676582890703537842,DF:DF:EE:00:00:02,-93
BLE,1676582890909824240,DF:DF:EE:00:00:03,-95
BLE,1676582890942338643,DF:DF:EE:00:00:04,-94
BLE,1676582891173303549,DF:DF:EE:00:00:02,-94
BLE,1676582891588841056,DF:DF:EE:00:00:05,-91
BLE,1676582891668317422,DF:DF:EE:00:00:01,-86
BLE,1676582891708354018,DF:DF:EE:00:00:02,-86
BLE,1676582892164733985,DF:DF:EE:00:00:02,-92
BLE,1676582892405845423,DF:DF:EE:00:00:04,-92
BLE,1676582892598834580,DF:DF:EE:00:00:05,-91
BLE,1676582892672234235,DF:DF:EE:00:00:01,-79
BLE,1676582892709226746,DF:DF:EE:00:00:02,-84
BLE,1676582892904523706,DF:DF:EE:00:00:03,-86
BLE,1676582892945935200,DF:DF:EE:00:00:04,-92
BLE,1676582893170124279,DF:DF:EE:00:00:02,-87
BLE,1676582893607680870,DF:DF:EE:00:00:05,-93
BLE,1676582893669765216,DF:DF:EE:00:00:01,-86
BLE,1676582893705437453,DF:DF:EE:00:00:02,-84
BLE,1676582893942280322,DF:DF:EE:00:00:04,-95
BLE,1676582894162894281,DF:DF:EE:00:00:02,-86
BLE,1676582894405785320,DF:DF:EE:00:00:04,-92
BLE,1676582894622579746,DF:DF:EE:00:00:05,-76
BLE,1676582894667974063,DF:DF:EE:00:00:01,-61
BLE,1676582894704787076,DF:DF:EE:00:00:02,-93
BLE,1676582894912029586,DF:DF:EE:00:00:03,-86
BLE,1676582895630092386,DF:DF:EE:00:00:05,-93
BLE,1676582895665911621,DF:DF:EE:00:00:01,-78
BLE,1676582895908013004,DF:DF:EE:00:00:03,-97
BLE,1676582896170861405,DF:DF:EE:00:00:02,-93
BLE,1676582896643760737,DF:DF:EE:00:00:05,-93
BLE,1676582896673108849,DF:DF:EE:00:00:01,-76
BLE,1676582896703101536,DF:DF:EE:00:00:02,-87
BLE,1676582896904179878,DF:DF:EE:00:00:03,-84
BLE,1676582897165978918,DF:DF:EE:00:00:02,-84
BLE,1676582897401662510,DF:DF:EE:00:00:04,-93
BLE,1676582897657608336,DF:DF:EE:00:00:05,-93
BLE,1676582897668896561,DF:DF:EE:00:00:01,-79
BLE,1676582897705919322,DF:DF:EE:00:00:02,-83
BLE,1676582897947392172,DF:DF:EE:00:00:04,-95
BLE,1676582898163671563,DF:DF:EE:00:00:02,-86
BLE,1676582898666518666,DF:DF:EE:00:00:01,-86
BLE,1676582898673748612,DF:DF:EE:00:00:05,-77
BLE,1676582898904816183,DF:DF:EE:00:00:03,-85
BLE,1676582899169709806,DF:DF:EE:00:00:02,-84
BLE,1676582899411355529,DF:DF:EE:00:00:04,-94
BLE,1676582899687528336,DF:DF:EE:00:00:05,-90
BLE,1676582899712330008,DF:DF:EE:00:00:02,-83
BLE,1676582899907291640,DF:DF:EE:00:00:03,-76
BLE,1676582899947029614,DF:DF:EE:00:00:04,-95
BLE,1676582900166978540,DF:DF:EE:00:00:02,-86
BLE,1676582900669280359,DF:DF:EE:00:00:01,-86
BLE,1676582900697492153,DF:DF:EE:00:00:05,-91
BLE,1676582900706306911,DF:DF:EE:00:00:02,-87
BLE,1676582900903922841,DF:DF:EE:00:00:03,-97
BLE,1676582901163495326,DF:DF:EE:00:00:02,-93
BLE,1676582901406766277,DF:DF:EE:00:00:04,-93
BLE,1676582901665380109,DF:DF:EE:00:00:01,-76
BLE,1676582901706364650,DF:DF:EE:00:00:05,-93
BLE,1676582901908320647,DF:DF:EE:00:00:03,-86
BLE,1676582901946149022,DF:DF:EE:00:00:04,-94
BLE,1676582902168668039,DF:DF:EE:00:00:02,-86
BLE,1676582902666803829,DF:DF:EE:00:00:01,-76
BLE,1676582902707515583,DF:DF:EE:00:00:02,-86
BLE,1676582902717482535,DF:DF:EE:00:00:05,-92
BLE,1676582903168709112,DF:DF:EE:00:00:02,-93
BLE,1676582903408602691,DF:DF:EE:00:00:04,-94
BLE,1676582903663862233,DF:DF:EE:00:00:01,-85
BLE,1676582903704390364,DF:DF:EE:00:00:02,-93
BLE,1676582903731238176,DF:DF:EE:00:00:05,-94
BLE,1676582903904462178,DF:DF:EE:00:00:03,-84
BLE,1676582904665114998,DF:DF:EE:00:00:01,-78
BLE,1676582904705665962,DF:DF:EE:00:00:02,-83
BLE,1676582904747482118,DF:DF:EE:00:00:05,-92
BLE,1676582904906246019,DF:DF:EE:00:00:03,-98
BLE,1676582905163240497,DF:DF:EE:00:00:02,-86
BLE,1676582905407840180,DF:DF:EE:00:00:04,-92
BLE,1676582905668179364,DF:DF:EE:00:00:01,-86
BLE,1676582905704766089,DF:DF:EE:00:00:02,-87
BLE,1676582905759979234,DF:DF:EE:00:00:05,-91
BLE,1676582905903697459,DF:DF:EE:00:00:03,-85
BLE,1676582906669887039,DF:DF:EE:00:00:01,-79
BLE,1676582906704686788,DF:DF:EE:00:00:02,-84
BLE,1676582906767488666,DF:DF:EE:00:00:05,-94
BLE,1676582906902435507,DF:DF:EE:00:00:03,-86
BLE,1676582906948197402,DF:DF:EE:00:00:04,-93
BLE,1676582907165324824,DF:DF:EE:00:00:02,-86
BLE,1676582907673798477,DF:DF:EE:00:00:01,-76
BLE,1676582907702926384,DF:DF:EE:00:00:02,-85
BLE,1676582907775000890,DF:DF:EE:00:00:05,-94
BLE,1676582907904520011,DF:DF:EE:00:00:03,-84
BLE,1676582908165414146,DF:DF:EE:00:00:02,-93
BLE,1676582908404773940,DF:DF:EE:00:00:04,-81
BLE,1676582908702829250,DF:DF:EE:00:00:02,-92
BLE,1676582908784960540,DF:DF:EE:00:00:05,-94
BLE,1676582908902552068,DF:DF:EE:00:00:03,-86
BLE,1676582908950055607,DF:DF:EE:00:00:04,-94
BLE,1676582909169163294,DF:DF:EE:00:00:02,-86
BLE,1676582909671492613,DF:DF:EE:00:00:01,-86
BLE,1676582909707378555,DF:DF:EE:00:00:02,-86
BLE,1676582909907327037,DF:DF:EE:00:00:03,-84
BLE,1676582910169890233,DF:DF:EE:00:00:02,-83
BLE,1676582910406936224,DF:DF:EE:00:00:04,-94
BLE,1676582910666566042,DF:DF:EE:00:00:01,-77
BLE,1676582910706314309,DF:DF:EE:00:00:02,-93
BLE,1676582910803720771,DF:DF:EE:00:00:05,-91
BLE,1676582910912589915,DF:DF:EE:00:00:03,-96
BLE,1676582910945717727,DF:DF:EE:00:00:04,-93
BLE,1676582911665705710,DF:DF:EE:00:00:01,-80
BLE,1676582911816237220,DF:DF:EE:00:00:05,-91
BLE,1676582911910052730,DF:DF:EE:00:00:03,-85
BLE,1676582911944008406,DF:DF:EE:00:00:04,-96
BLE,1676582912165014027,DF:DF:EE:00:00:02,-93
BLE,1676582912669319361,DF:DF:EE:00:00:01,-77
BLE,1676582912710736771,DF:DF:EE:00:00:02,-92
BLE,1676582912828828210,DF:DF:EE:00:00:05,-91
BLE,1676582912908885902,DF:DF:EE:00:00:03,-75
BLE,1676582912947384560,DF:DF:EE:00:00:04,-92
BLE,1676582913166516372,DF:DF:EE:00:00:02,-83
BLE,1676582913664291958,DF:DF:EE:00:00:01,-80
BLE,1676582913905420604,DF:DF:EE:00:00:03,-97
BLE,1676582913943316020,DF:DF:EE:00:00:04,-96
BLE,1676582914667597238,DF:DF:EE:00:00:01,-86
BLE,1676582914704033465,DF:DF:EE:00:00:02,-86
BLE,1676582915163056147,DF:DF:EE:00:00:02,-93
BLE,1676582915408808732,DF:DF:EE:00:00:04,-95
BLE,1676582915704870568,DF:DF:EE:00:00:02,-84
BLE,1676582915862601900,DF:DF:EE:00:00:05,-91
BLE,1676582915901801965,DF:DF:EE:00:00:03,-87
BLE,1676582915949597083,DF:DF:EE:00:00:04,-94
BLE,1676582916167651784,DF:DF:EE:00:00:02,-87
BLE,1676582916673617804,DF:DF:EE:00:00:01,-76
BLE,1676582916702404674,DF:DF:EE:00:00:02,-85
BLE,1676582916878840675,DF:DF:EE:00:00:05,-90
BLE,1676582917163778117,DF:DF:EE:00:00:02,-93
BLE,1676582917707818967,DF:DF:EE:00:00:02,-83
BLE,1676582917891322541,DF:DF:EE:00:00:05,-91
BLE,1676582917903852126,DF:DF:EE:00:00:03,-86
BLE,1676582917947991501,DF:DF:EE:00:00:04,-95
BLE,1676582918165171630,DF:DF:EE:00:00:02,-86
BLE,1676582918669740919,DF:DF:EE:00:00:01,-86
BLE,1676582918702754191,DF:DF:EE:00:00:02,-84
BLE,1676582918905023308,DF:DF:EE:00:00:05,-91
BLE,1676582919171249956,DF:DF:EE:00:00:02,-84
BLE,1676582919402642189,DF:DF:EE:00:00:04,-92
BLE,1676582919710417537,DF:DF:EE:00:00:02,-84
BLE,1676582919901415346,DF:DF:EE:00:00:03,-84
BLE,1676582919912519282,DF:DF:EE:00:00:05,-90
BLE,1676582920165657853,DF:DF:EE:00:00:02,-83
BLE,1676582920667665384,DF:DF:EE:00:00:01,-78
BLE,1676582920907416798,DF:DF:EE:00:00:03,-98
BLE,1676582920927678405,DF:DF:EE:00:00:05,-91
BLE,1676582921168893967,DF:DF:EE:00:00:02,-93
BLE,1676582921667748373,DF:DF:EE:00:00:01,-76
BLE,1676582921710476599,DF:DF:EE:00:00:02,-94
BLE,1676582921907940156,DF:DF:EE:00:00:03,-86
BLE,1676582921935212712,DF:DF:EE:00:00:05,-94
BLE,1676582922167744347,DF:DF:EE:00:00:02,-83
BLE,1676582922403774560,DF:DF:EE:00:00:04,-93
BLE,1676582922705949816,DF:DF:EE:00:00:02,-83
BLE,1676582922903498913,DF:DF:EE:00:00:03,-86
BLE,1676582922950068714,DF:DF:EE:00:00:05,-76
BLE,1676582923164677377,DF:DF:EE:00:00:02,-86
BLE,1676582923408969023,DF:DF:EE:00:00:04,-94
BLE,1676582923671256139,DF:DF:EE:00:00:01,-76
BLE,1676582923701525781,DF:DF:EE:00:00:02,-85
BLE,1676582923903224948,DF:DF:EE:00:00:03,-85
BLE,1676582923956526076,DF:DF:EE:00:00:05,-93
BLE,1676582924408966929,DF:DF:EE:00:00:04,-95
BLE,1676582924663944600,DF:DF:EE:00:00:01,-75
BLE,1676582924708775633,DF:DF:EE:00:00:02,-83
BLE,1676582924903410143,DF:DF:EE:00:00:03,-87
BLE,1676582924939451292,DF:DF:EE:00:00:04,-94
BLE,1676582924965031662,DF:DF:EE:00:00:05,-93
BLE,1676582925164770439,DF:DF:EE:00:00:02,-86
BLE,1676582925666991800,DF:DF:EE:00:00:01,-86
BLE,1676582925975106477,DF:DF:EE:00:00:05,-93
BLE,1676582926169848528,DF:DF:EE:00:00:02,-85
BLE,1676582926401933085,DF:DF:EE:00:00:04,-95
BLE,1676582926708549699,DF:DF:EE:00:00:02,-83
BLE,1676582926904187404,DF:DF:EE:00:00:03,-86
BLE,1676582926944112377,DF:DF:EE:00:00:04,-92
BLE,1676582927664284107,DF:DF:EE:00:00:01,-79
BLE,1676582927940664537,DF:DF:EE:00:00:04,-94
BLE,1676582927997594659,DF:DF:EE:00:00:05,-92
BLE,1676582928403508335,DF:DF:EE:00:00:04,-93
BLE,1676582928663875144,DF:DF:EE:00:00:01,-86
BLE,1676582928711942008,DF:DF:EE:00:00:02,-84
BLE,1676582928910926461,DF:DF:EE:00:00:03,-87
BLE,1676582928949658366,DF:DF:EE:00:00:04,-93
BLE,1676582929013847518,DF:DF:EE:00:00:05,-94
BLE,1676582929168530556,DF:DF:EE:00:00:02,-86
BLE,1676582929662409695,DF:DF:EE:00:00:01,-78
BLE,1676582929707696429,DF:DF:EE:00:00:02,-76
BLE,1676582929902959431,DF:DF:EE:00:00:03,-97
BLE,1676582929940216272,DF:DF:EE:00:00:04,-93
BLE,1676582930167313229,DF:DF:EE:00:00:02,-92
BLE,1676582930671779519,DF:DF:EE:00:00:01,-76
BLE,1676582930701812413,DF:DF:EE:00:00:02,-75
BLE,1676582930910104618,DF:DF:EE:00:00:03,-87
BLE,1676582930947749496,DF:DF:EE:00:00:04,-94
BLE,1676582931035046717,DF:DF:EE:00:00:05,-93
BLE,1676582931167287677,DF:DF:EE:00:00:02,-83
BLE,1676582931408074286,DF:DF:EE:00:00:04,-95
BLE,1676582931666183874,DF:DF:EE:00:00:01,-79
BLE,1676582931707857657,DF:DF:EE:00:00:02,-83
BLE,1676582931909337452,DF:DF:EE:00:00:03,-96
BLE,1676582931946107882,DF:DF:EE:00:00:04,-94
BLE,1676582932048841983,DF:DF:EE:00:00:05,-93
BLE,1676582932162010737,DF:DF:EE:00:00:02,-75
BLE,1676582932667894800,DF:DF:EE:00:00:01,-86
BLE,1676582932711471682,DF:DF:EE:00:00:02,-82
BLE,1676582932905554783,DF:DF:EE:00:00:03,-75
BLE,1676582932948347842,DF:DF:EE:00:00:04,-93
BLE,1676582933060080115,DF:DF:EE:00:00:05,-84
BLE,1676582933168286352,DF:DF:EE:00:00:02,-83
BLE,1676582933406970155,DF:DF:EE:00:00:04,-85
BLE,1676582933668539156,DF:DF:EE:00:00:01,-65
BLE,1676582933710375436,DF:DF:EE:00:00:02,-85
BLE,1676582933901731698,DF:DF:EE:00:00:03,-76
BLE,1676582933945517161,DF:DF:EE:00:00:04,-84
BLE,1676582934076302557,DF:DF:EE:00:00:05,-83
BLE,1676582934162942454,DF:DF:EE:00:00:02,-76
BLE,1676582934665388896,DF:DF:EE:00:00:01,-86
BLE,1676582934710447092,DF:DF:EE:00:00:02,-93
BLE,1676582934903376750,DF:DF:EE:00:00:03,-97
BLE,1676582935164859793,DF:DF:EE:00:00:02,-92
BLE,1676582935401051421,DF:DF:EE:00:00:04,-91
BLE,1676582935668534802,DF:DF:EE:00:00:01,-75
BLE,1676582935707108251,DF:DF:EE:00:00:02,-83
BLE,1676582935911712879,DF:DF:EE:00:00:03,-97
BLE,1676582936098749032,DF:DF:EE:00:00:05,-94
BLE,1676582936661861755,DF:DF:EE:00:00:01,-78
BLE,1676582936708144185,DF:DF:EE:00:00:02,-87
BLE,1676582937112482049,DF:DF:EE:00:00:05,-94
BLE,1676582937167837275,DF:DF:EE:00:00:02,-92
BLE,1676582937670553463,DF:DF:EE:00:00:01,-76
BLE,1676582937711720003,DF:DF:EE:00:00:02,-83
BLE,1676582937899985597,DF:DF:EE:00:00:03,-84
BLE,1676582938126266981,DF:DF:EE:00:00:05,-92
BLE,1676582938167879723,DF:DF:EE:00:00:02,-86
BLE,1676582938708758031,DF:DF:EE:00:00:02,-87
BLE,1676582938945592193,DF:DF:EE:00:00:04,-95
BLE,1676582939134979356,DF:DF:EE:00:00:05,-93
BLE,1676582939170383054,DF:DF:EE:00:00:02,-93
BLE,1676582939408044288,DF:DF:EE:00:00:04,-92
BLE,1676582939662826503,DF:DF:EE:00:00:01,-86
BLE,1676582939703360593,DF:DF:EE:00:00:02,-86
BLE,1676582939910348773,DF:DF:EE:00:00:03,-86
BLE,1676582939947976401,DF:DF:EE:00:00:04,-101
BLE,1676582940145160086,DF:DF:EE:00:00:05,-92
BLE,1676582940167565540,DF:DF:EE:00:00:02,-83
BLE,1676582940400356879,DF:DF:EE:00:00:04,-93
BLE,1676582940905640700,DF:DF:EE:00:00:03,-97
BLE,1676582940946653658,DF:DF:EE:00:00:04,-94
BLE,1676582941172030762,DF:DF:EE:00:00:02,-93
BLE,1676582941662540987,DF:DF:EE:00:00:01,-86
BLE,1676582941700911729,DF:DF:EE:00:00:02,-86
BLE,1676582941905552858,DF:DF:EE:00:00:03,-84
BLE,1676582942167024860,DF:DF:EE:00:00:02,-84
BLE,1676582942173834228,DF:DF:EE:00:00:05,-94
BLE,1676582942706692893,DF:DF:EE:00:00:02,-83
BLE,1676582942910360617,DF:DF:EE:00:00:03,-96
BLE,1676582943165930614,DF:DF:EE:00:00:02,-86
BLE,1676582943187527620,DF:DF:EE:00:00:05,-92
BLE,1676582943710648205,DF:DF:EE:00:00:02,-93
BLE,1676582944164328292,DF:DF:EE:00:00:02,-93
BLE,1676582944198815669,DF:DF:EE:00:00:05,-94
BLE,1676582944403459006,DF:DF:EE:00:00:04,-95
BLE,1676582944663375028,DF:DF:EE:00:00:01,-76
BLE,1676582944910674384,DF:DF:EE:00:00:03,-96
BLE,1676582945168592725,DF:DF:EE:00:00:02,-86
BLE,1676582945207472669,DF:DF:EE:00:00:05,-92
BLE,1676582945400524701,DF:DF:EE:00:00:04,-94
BLE,1676582945667592129,DF:DF:EE:00:00:01,-86
BLE,1676582945709832737,DF:DF:EE:00:00:02,-85
BLE,1676582945908548986,DF:DF:EE:00:00:03,-85
BLE,1676582945940595104,DF:DF:EE:00:00:04,-94
BLE,1676582946173089280,DF:DF:EE:00:00:02,-83
BLE,1676582946213811575,DF:DF:EE:00:00:05,-93
BLE,1676582946215099683,DF:DF:EE:00:00:05,-91
BLE,1676582946404355223,DF:DF:EE:00:00:04,-93
BLE,1676582946663464673,DF:DF:EE:00:00:01,-85
BLE,1676582946708540994,DF:DF:EE:00:00:02,-93
BLE,1676582946908515101,DF:DF:EE:00:00:03,-87
BLE,1676582947222543366,DF:DF:EE:00:00:05,-93
BLE,1676582947404260381,DF:DF:EE:00:00:04,-95
BLE,1676582947665888214,DF:DF:EE:00:00:01,-78
BLE,1676582947702731477,DF:DF:EE:00:00:02,-84
BLE,1676582947907165525,DF:DF:EE:00:00:03,-95
BLE,1676582947946101427,DF:DF:EE:00:00:04,-95
BLE,1676582948167740997,DF:DF:EE:00:00:02,-93
BLE,1676582948236098302,DF:DF:EE:00:00:05,-94
BLE,1676582948702099725,DF:DF:EE:00:00:02,-86
BLE,1676582948904007015,DF:DF:EE:00:00:03,-85
BLE,1676582949170087081,DF:DF:EE:00:00:02,-86
BLE,1676582949246053077,DF:DF:EE:00:00:05,-94
BLE,1676582949667816377,DF:DF:EE:00:00:01,-78
BLE,1676582949707579684,DF:DF:EE:00:00:02,-83
BLE,1676582949909057438,DF:DF:EE:00:00:03,-96
BLE,1676582949948941786,DF:DF:EE:00:00:04,-94
BLE,1676582950171591676,DF:DF:EE:00:00:02,-93
BLE,1676582950253615508,DF:DF:EE:00:00:05,-94
BLE,1676582950408251172,DF:DF:EE:00:00:04,-93
BLE,1676582950662927681,DF:DF:EE:00:00:01,-86
BLE,1676582950701105010,DF:DF:EE:00:00:02,-85
BLE,1676582951166770229,DF:DF:EE:00:00:02,-83
BLE,1676582951263861654,DF:DF:EE:00:00:05,-95
BLE,1676582951409504354,DF:DF:EE:00:00:04,-94
BLE,1676582951707850369,DF:DF:EE:00:00:02,-83
BLE,1676582951909027793,DF:DF:EE:00:00:03,-98
BLE,1676582951943105467,DF:DF:EE:00:00:04,-94
BLE,1676582952164083963,DF:DF:EE:00:00:02,-85
BLE,1676582952273638681,DF:DF:EE:00:00:05,-92
BLE,1676582952661207600,DF:DF:EE:00:00:01,-79
BLE,1676582952908441540,DF:DF:EE:00:00:03,-86
BLE,1676582953165638099,DF:DF:EE:00:00:02,-93
BLE,1676582953409514333,DF:DF:EE:00:00:04,-94
BLE,1676582953703202368,DF:DF:EE:00:00:02,-92
BLE,1676582953899120528,DF:DF:EE:00:00:03,-86
BLE,1676582954165998834,DF:DF:EE:00:00:02,-85
BLE,1676582954306132481,DF:DF:EE:00:00:05,-94
BLE,1676582954662773892,DF:DF:EE:00:00:01,-79
BLE,1676582954703325731,DF:DF:EE:00:00:02,-84
BLE,1676582954901081492,DF:DF:EE:00:00:03,-97
BLE,1676582955404499379,DF:DF:EE:00:00:04,-82
BLE,1676582955671222145,DF:DF:EE:00:00:01,-77
BLE,1676582955901826347,DF:DF:EE:00:00:03,-85
BLE,1676582955947030874,DF:DF:EE:00:00:04,-92
BLE,1676582956170300465,DF:DF:EE:00:00:02,-87
BLE,1676582956402123609,DF:DF:EE:00:00:04,-94
BLE,1676582956669004956,DF:DF:EE:00:00:01,-79
BLE,1676582956670428604,DF:DF:EE:00:00:01,-85
BLE,1676582956704038118,DF:DF:EE:00:00:02,-84
BLE,1676582956908741912,DF:DF:EE:00:00:03,-95
BLE,1676582956945247263,DF:DF:EE:00:00:04,-94
BLE,1676582957165864680,DF:DF:EE:00:00:02,-93
BLE,1676582957673468262,DF:DF:EE:00:00:01,-62
BLE,1676582957707411896,DF:DF:EE:00:00:02,-93
BLE,1676582957905043951,DF:DF:EE:00:00:03,-86
BLE,1676582958167056321,DF:DF:EE:00:00:02,-84
BLE,1676582958351009347,DF:DF:EE:00:00:05,-83
BLE,1676582958406272117,DF:DF:EE:00:00:04,-94
BLE,1676582958667937158,DF:DF:EE:00:00:01,-79
BLE,1676582958702949112,DF:DF:EE:00:00:02,-83
BLE,1676582958948776821,DF:DF:EE:00:00:04,-93
BLE,1676582959163276944,DF:DF:EE:00:00:02,-85
BLE,1676582959668373309,DF:DF:EE:00:00:01,-85
BLE,1676582959703478970,DF:DF:EE:00:00:02,-86
BLE,1676582959904362189,DF:DF:EE:00:00:03,-85
BLE,1676582960373492363,DF:DF:EE:00:00:05,-91
BLE,1676582960406552093,DF:DF:EE:00:00:04,-94
BLE,1676582960665918956,DF:DF:EE:00:00:01,-77
BLE,1676582960703379669,DF:DF:EE:00:00:02,-92
BLE,1676582960905761744,DF:DF:EE:00:00:03,-86
BLE,1676582960947211279,DF:DF:EE:00:00:04,-94
BLE,1676582961165846973,DF:DF:EE:00:00:02,-85
BLE,1676582961400494996,DF:DF:EE:00:00:04,-94
BLE,1676582961670046141,DF:DF:EE:00:00:01,-84
BLE,1676582961708384968,DF:DF:EE:00:00:02,-85
BLE,1676582961902882938,DF:DF:EE:00:00:03,-96
BLE,1676582962165981419,DF:DF:EE:00:00:02,-82
BLE,1676582962409372285,DF:DF:EE:00:00:04,-93
BLE,1676582962670638248,DF:DF:EE:00:00:01,-78
BLE,1676582962703411023,DF:DF:EE:00:00:02,-91
BLE,1676582962906475172,DF:DF:EE:00:00:03,-86
BLE,1676582962944301381,DF:DF:EE:00:00:04,-93
BLE,1676582963165895743,DF:DF:EE:00:00:02,-86
BLE,1676582963401616294,DF:DF:EE:00:00:04,-93
BLE,1676582963408486995,DF:DF:EE:00:00:05,-90
BLE,1676582963663226086,DF:DF:EE:00:00:01,-79
BLE,1676582963702540899,DF:DF:EE:00:00:02,-70
BLE,1676582963940852583,DF:DF:EE:00:00:04,-94
BLE,1676582964168275243,DF:DF:EE:00:00:02,-93
BLE,1676582964663579446,DF:DF:EE:00:00:01,-85
BLE,1676582964709160677,DF:DF:EE:00:00:02,-92
BLE,1676582964907140018,DF:DF:EE:00:00:03,-86
BLE,1676582964946056379,DF:DF:EE:00:00:04,-92
BLE,1676582965403079296,DF:DF:EE:00:00:04,-94
BLE,1676582965419786908,DF:DF:EE:00:00:05,-94
BLE,1676582965709196374,DF:DF:EE:00:00:02,-86
BLE,1676582965901152503,DF:DF:EE:00:00:03,-86
BLE,1676582965941163933,DF:DF:EE:00:00:04,-94
BLE,1676582966161317481,DF:DF:EE:00:00:02,-86
BLE,1676582966407183856,DF:DF:EE:00:00:04,-94
BLE,1676582966428473075,DF:DF:EE:00:00:05,-94
BLE,1676582966665996268,DF:DF:EE:00:00:01,-85
BLE,1676582966706975310,DF:DF:EE:00:00:02,-92
BLE,1676582966904061705,DF:DF:EE:00:00:03,-86
BLE,1676582967163828479,DF:DF:EE:00:00:02,-84
BLE,1676582967405209872,DF:DF:EE:00:00:04,-94
BLE,1676582967669363297,DF:DF:EE:00:00:01,-78
BLE,1676582967701631787,DF:DF:EE:00:00:02,-93
BLE,1676582967908812257,DF:DF:EE:00:00:03,-95
BLE,1676582967947233416,DF:DF:EE:00:00:04,-94
BLE,1676582968162122533,DF:DF:EE:00:00:02,-86
BLE,1676582968445977448,DF:DF:EE:00:00:05,-92
BLE,1676582968664477226,DF:DF:EE:00:00:01,-85
BLE,1676582968702359309,DF:DF:EE:00:00:02,-85
BLE,1676582969167075249,DF:DF:EE:00:00:02,-83
BLE,1676582969402158434,DF:DF:EE:00:00:04,-93
BLE,1676582969458471231,DF:DF:EE:00:00:05,-91
BLE,1676582969703084039,DF:DF:EE:00:00:02,-92
BLE,1676582969904263296,DF:DF:EE:00:00:03,-86
BLE,1676582970470996805,DF:DF:EE:00:00:05,-90
BLE,1676582970666035810,DF:DF:EE:00:00:01,-74
BLE,1676582970901156702,DF:DF:EE:00:00:03,-97
BLE,1676582971171144550,DF:DF:EE:00:00:02,-85
BLE,1676582971406713936,DF:DF:EE:00:00:04,-91
BLE,1676582971478713276,DF:DF:EE:00:00:05,-95
BLE,1676582971664297323,DF:DF:EE:00:00:01,-77
BLE,1676582971903432287,DF:DF:EE:00:00:03,-86
BLE,1676582971948339527,DF:DF:EE:00:00:04,-95
BLE,1676582972167297716,DF:DF:EE:00:00:02,-86
BLE,1676582972493563611,DF:DF:EE:00:00:05,-94
BLE,1676582972671123889,DF:DF:EE:00:00:01,-85
BLE,1676582972706072177,DF:DF:EE:00:00:02,-85
BLE,1676582972902676328,DF:DF:EE:00:00:03,-96
BLE,1676582972941023155,DF:DF:EE:00:00:04,-95
BLE,1676582973165641144,DF:DF:EE:00:00:02,-92
BLE,1676582973406549460,DF:DF:EE:00:00:04,-92
BLE,1676582973508621652,DF:DF:EE:00:00:05,-91
BLE,1676582973665969780,DF:DF:EE:00:00:01,-76
BLE,1676582973707853352,DF:DF:EE:00:00:02,-93
BLE,1676582973899647233,DF:DF:EE:00:00:03,-84
BLE,1676582973943587277,DF:DF:EE:00:00:04,-93
BLE,1676582974164863519,DF:DF:EE:00:00:02,-84
BLE,1676582974405034553,DF:DF:EE:00:00:04,-94
BLE,1676582974513623367,DF:DF:EE:00:00:05,-93
BLE,1676582974666891466,DF:DF:EE:00:00:01,-79
BLE,1676582974703233736,DF:DF:EE:00:00:02,-84
BLE,1676582974907560493,DF:DF:EE:00:00:03,-97
BLE,1676582974941096675,DF:DF:EE:00:00:04,-93
BLE,1676582975166934690,DF:DF:EE:00:00:02,-81
BLE,1676582975521138883,DF:DF:EE:00:00:05,-95
BLE,1676582975663763539,DF:DF:EE:00:00:01,-85
BLE,1676582975701142420,DF:DF:EE:00:00:02,-85
BLE,1676582975902788255,DF:DF:EE:00:00:03,-86
BLE,1676582976165674738,DF:DF:EE:00:00:02,-84
BLE,1676582976398512327,DF:DF:EE:00:00:04,-81
BLE,1676582976667539937,DF:DF:EE:00:00:01,-78
BLE,1676582976706122177,DF:DF:EE:00:00:02,-70
BLE,1676582976907555931,DF:DF:EE:00:00:03,-97
BLE,1676582976937613117,DF:DF:EE:00:00:04,-95
BLE,1676582977166580882,DF:DF:EE:00:00:02,-87
BLE,1676582977547365891,DF:DF:EE:00:00:05,-94
BLE,1676582977668075503,DF:DF:EE:00:00:01,-85
BLE,1676582977938669260,DF:DF:EE:00:00:04,-94
BLE,1676582978162395011,DF:DF:EE:00:00:02,-92
BLE,1676582978401954677,DF:DF:EE:00:00:04,-94
BLE,1676582978556094932,DF:DF:EE:00:00:05,-94
BLE,1676582978669928927,DF:DF:EE:00:00:01,-79
BLE,1676582978707423015,DF:DF:EE:00:00:02,-84
BLE,1676582978902653517,DF:DF:EE:00:00:03,-85
BLE,1676582978942789528,DF:DF:EE:00:00:04,-94
BLE,1676582979399959194,DF:DF:EE:00:00:04,-93
BLE,1676582979571079182,DF:DF:EE:00:00:05,-94
BLE,1676582979664362324,DF:DF:EE:00:00:01,-78
BLE,1676582979703791136,DF:DF:EE:00:00:02,-85
BLE,1676582979906538831,DF:DF:EE:00:00:03,-85
BLE,1676582980165427867,DF:DF:EE:00:00:02,-93
BLE,1676582980408606569,DF:DF:EE:00:00:04,-95
BLE,1676582980581059039,DF:DF:EE:00:00:05,-93
BLE,1676582980664300564,DF:DF:EE:00:00:01,-77
BLE,1676582980708637436,DF:DF:EE:00:00:02,-83
BLE,1676582980898865589,DF:DF:EE:00:00:03,-86
BLE,1676582980945589596,DF:DF:EE:00:00:04,-93
BLE,1676582981402734845,DF:DF:EE:00:00:04,-94
BLE,1676582981662265247,DF:DF:EE:00:00:01,-79
BLE,1676582981703757491,DF:DF:EE:00:00:02,-84
BLE,1676582981938644844,DF:DF:EE:00:00:04,-94
BLE,1676582982164831188,DF:DF:EE:00:00:02,-93
BLE,1676582982607391379,DF:DF:EE:00:00:05,-95
BLE,1676582982662889104,DF:DF:EE:00:00:01,-85
BLE,1676582982705952993,DF:DF:EE:00:00:02,-91
BLE,1676582982908499232,DF:DF:EE:00:00:03,-86
BLE,1676582983165391587,DF:DF:EE:00:00:02,-83
BLE,1676582983668546644,DF:DF:EE:00:00:01,-78
BLE,1676582983706995719,DF:DF:EE:00:00:02,-84
BLE,1676582983904014781,DF:DF:EE:00:00:03,-95
BLE,1676582984168290038,DF:DF:EE:00:00:02,-92
BLE,1676582984407506084,DF:DF:EE:00:00:04,-93
BLE,1676582984631128420,DF:DF:EE:00:00:05,-94
BLE,1676582984668880379,DF:DF:EE:00:00:01,-77
BLE,1676582984708524980,DF:DF:EE:00:00:02,-92
BLE,1676582984901805800,DF:DF:EE:00:00:03,-85
BLE,1676582984946460502,DF:DF:EE:00:00:04,-93
BLE,1676582985169391680,DF:DF:EE:00:00:02,-84
BLE,1676582985408851390,DF:DF:EE:00:00:04,-94
BLE,1676582985709584289,DF:DF:EE:00:00:02,-84
BLE,1676582985901291255,DF:DF:EE:00:00:03,-86
BLE,1676582985947171441,DF:DF:EE:00:00:04,-96
BLE,1676582986162125266,DF:DF:EE:00:00:02,-85
BLE,1676582986700763104,DF:DF:EE:00:00:02,-86
BLE,1676582987664928859,DF:DF:EE:00:00:05,-77
BLE,1676582987707152176,DF:DF:EE:00:00:02,-84
BLE,1676582987897963820,DF:DF:EE:00:00:03,-85
BLE,1676582987938804947,DF:DF:EE:00:00:04,-94
BLE,1676582988168759199,DF:DF:EE:00:00:02,-86
BLE,1676582988400779091,DF:DF:EE:00:00:04,-94
BLE,1676582988669260500,DF:DF:EE:00:00:01,-85
BLE,1676582988674858009,DF:DF:EE:00:00:05,-90
BLE,1676582988704582116,DF:DF:EE:00:00:02,-86
BLE,1676582988904028480,DF:DF:EE:00:00:03,-98
BLE,1676582988937767034,DF:DF:EE:00:00:04,-94
BLE,1676582989163868587,DF:DF:EE:00:00:02,-92
BLE,1676582989666364695,DF:DF:EE:00:00:01,-76
BLE,1676582989689845468,DF:DF:EE:00:00:05,-90
BLE,1676582989704696313,DF:DF:EE:00:00:02,-92
BLE,1676582989906280190,DF:DF:EE:00:00:03,-86
BLE,1676582990163355792,DF:DF:EE:00:00:02,-84
BLE,1676582990403312453,DF:DF:EE:00:00:04,-94
BLE,1676582990663378349,DF:DF:EE:00:00:01,-79
BLE,1676582990702344667,DF:DF:EE:00:00:05,-91
BLE,1676582990706745234,DF:DF:EE:00:00:02,-85
BLE,1676582990939245827,DF:DF:EE:00:00:04,-95
BLE,1676582991407159392,DF:DF:EE:00:00:04,-94
BLE,1676582991668648644,DF:DF:EE:00:00:01,-77
BLE,1676582991706351229,DF:DF:EE:00:00:02,-93
BLE,1676582991714884200,DF:DF:EE:00:00:05,-90
BLE,1676582991900098126,DF:DF:EE:00:00:03,-85
BLE,1676582992165541118,DF:DF:EE:00:00:02,-85
BLE,1676582992402741315,DF:DF:EE:00:00:04,-95
BLE,1676582992663871655,DF:DF:EE:00:00:01,-79
BLE,1676582992728408761,DF:DF:EE:00:00:05,-77
BLE,1676582992944013786,DF:DF:EE:00:00:04,-94
BLE,1676582993170218962,DF:DF:EE:00:00:02,-81
BLE,1676582993669147159,DF:DF:EE:00:00:01,-77
BLE,1676582993708871050,DF:DF:EE:00:00:02,-82
BLE,1676582993738534367,DF:DF:EE:00:00:05,-92
BLE,1676582994397894734,DF:DF:EE:00:00:04,-82
BLE,1676582994669016442,DF:DF:EE:00:00:01,-78
BLE,1676582994705040841,DF:DF:EE:00:00:02,-83
BLE,1676582994743537748,DF:DF:EE:00:00:05,-93
BLE,1676582994907803827,DF:DF:EE:00:00:03,-96
BLE,1676582994938917874,DF:DF:EE:00:00:04,-94
BLE,1676582995167225440,DF:DF:EE:00:00:02,-86
BLE,1676582995168724420,DF:DF:EE:00:00:02,-92
BLE,1676582995398960001,DF:DF:EE:00:00:04,-95
BLE,1676582995672687341,DF:DF:EE:00:00:01,-76
BLE,1676582995705891361,DF:DF:EE:00:00:02,-87
BLE,1676582995749765989,DF:DF:EE:00:00:05,-94
BLE,1676582996169572648,DF:DF:EE:00:00:02,-85
BLE,1676582996399380111,DF:DF:EE:00:00:04,-93
BLE,1676582996941443112,DF:DF:EE:00:00:04,-94
BLE,1676582997165285945,DF:DF:EE:00:00:02,-85
BLE,1676582997398787983,DF:DF:EE:00:00:04,-94
BLE,1676582997669034161,DF:DF:EE:00:00:01,-85
BLE,1676582997705237182,DF:DF:EE:00:00:02,-85
BLE,1676582997775948498,DF:DF:EE:00:00:05,-95
BLE,1676582997939212465,DF:DF:EE:00:00:04,-94
BLE,1676582998161921896,DF:DF:EE:00:00:02,-94
BLE,1676582998708655252,DF:DF:EE:00:00:02,-83
BLE,1676582998788465239,DF:DF:EE:00:00:05,-94
BLE,1676582998905068572,DF:DF:EE:00:00:03,-86
BLE,1676582999170318691,DF:DF:EE:00:00:02,-86
BLE,1676582999399106625,DF:DF:EE:00:00:04,-94
BLE,1676582999662273980,DF:DF:EE:00:00:01,-78
BLE,1676582999706144983,DF:DF:EE:00:00:02,-76
BLE,1676582999804781471,DF:DF:EE:00:00:05,-81
BLE,1676582999905350475,DF:DF:EE:00:00:03,-84
BLE,1676583000163545479,DF:DF:EE:00:00:02,-93
BLE,1676583000668651469,DF:DF:EE:00:00:01,-61
BLE,1676583000899361044,DF:DF:EE:00:00:03,-85
BLE,1676583001164686245,DF:DF:EE:00:00:02,-84
BLE,1676583001398378198,DF:DF:EE:00:00:04,-93
BLE,1676583001666858149,DF:DF:EE:00:00:01,-79
BLE,1676583001707228532,DF:DF:EE:00:00:02,-84
BLE,1676583001938455350,DF:DF:EE:00:00:04,-94
BLE,1676583002165944635,DF:DF:EE:00:00:02,-91
BLE,1676583002669018777,DF:DF:EE:00:00:01,-76
BLE,1676583002703678068,DF:DF:EE:00:00:02,-85
BLE,1676583003161613515,DF:DF:EE:00:00:02,-92
BLE,1676583003399988781,DF:DF:EE:00:00:04,-93
BLE,1676583003841093575,DF:DF:EE:00:00:05,-76
BLE,1676583003902710927,DF:DF:EE:00:00:03,-86
BLE,1676583003944286128,DF:DF:EE:00:00:04,-95
BLE,1676583004170482971,DF:DF:EE:00:00:02,-92
BLE,1676583004672503252,DF:DF:EE:00:00:01,-76
BLE,1676583004709791717,DF:DF:EE:00:00:02,-81
BLE,1676583004853601816,DF:DF:EE:00:00:05,-76
BLE,1676583005168428113,DF:DF:EE:00:00:02,-69
BLE,1676583005402846931,DF:DF:EE:00:00:04,-94
BLE,1676583005700383998,DF:DF:EE:00:00:02,-81
BLE,1676583005865081113,DF:DF:EE:00:00:05,-74
BLE,1676583005899110579,DF:DF:EE:00:00:03,-85
BLE,1676583005940134370,DF:DF:EE:00:00:04,-84
BLE,1676583006165237353,DF:DF:EE:00:00:02,-86
BLE,1676583006660753220,DF:DF:EE:00:00:01,-79
BLE,1676583006704811346,DF:DF:EE:00:00:02,-85
BLE,1676583006877368898,DF:DF:EE:00:00:05,-92
BLE,1676583006899543688,DF:DF:EE:00:00:03,-95
BLE,1676583006937739517,DF:DF:EE:00:00:04,-96
BLE,1676583007165250135,DF:DF:EE:00:00:02,-93
BLE,1676583007407102563,DF:DF:EE:00:00:04,-93
BLE,1676583007666535217,DF:DF:EE:00:00:01,-77
BLE,1676583007701422922,DF:DF:EE:00:00:02,-92
BLE,1676583007885954275,DF:DF:EE:00:00:05,-95
BLE,1676583007941392167,DF:DF:EE:00:00:04,-94
BLE,1676583008163696270,DF:DF:EE:00:00:02,-83
BLE,1676583008400214727,DF:DF:EE:00:00:04,-96
BLE,1676583008902228591,DF:DF:EE:00:00:05,-91
BLE,1676583008941106452,DF:DF:EE:00:00:04,-93
BLE,1676583009403709212,DF:DF:EE:00:00:04,-93
BLE,1676583009667472934,DF:DF:EE:00:00:01,-77
BLE,1676583009701074573,DF:DF:EE:00:00:02,-85
BLE,1676583009899695572,DF:DF:EE:00:00:03,-84
BLE,1676583009910987881,DF:DF:EE:00:00:05,-94
BLE,1676583010165376769,DF:DF:EE:00:00:02,-84
BLE,1676583010667157969,DF:DF:EE:00:00:01,-78
BLE,1676583010704251854,DF:DF:EE:00:00:02,-69
BLE,1676583010928486723,DF:DF:EE:00:00:05,-89
BLE,1676583010943320361,DF:DF:EE:00:00:04,-94
BLE,1676583011168021765,DF:DF:EE:00:00:02,-93
BLE,1676583011671782023,DF:DF:EE:00:00:01,-77
BLE,1676583011701925583,DF:DF:EE:00:00:02,-85
BLE,1676583011903555834,DF:DF:EE:00:00:03,-85
BLE,1676583011938540997,DF:DF:EE:00:00:05,-91
BLE,1676583012165706827,DF:DF:EE:00:00:02,-84
BLE,1676583012398886370,DF:DF:EE:00:00:04,-91
BLE,1676583012669085507,DF:DF:EE:00:00:01,-79
BLE,1676583012906592034,DF:DF:EE:00:00:03,-94
BLE,1676583012936216976,DF:DF:EE:00:00:04,-92
BLE,1676583012947195914,DF:DF:EE:00:00:05,-94
BLE,1676583013167493293,DF:DF:EE:00:00:02,-85
BLE,1676583013669394701,DF:DF:EE:00:00:01,-84
BLE,1676583013705892635,DF:DF:EE:00:00:02,-87
BLE,1676583013938841681,DF:DF:EE:00:00:04,-91
BLE,1676583013953437404,DF:DF:EE:00:00:05,-98
BLE,1676583014170917446,DF:DF:EE:00:00:02,-84
BLE,1676583014403806243,DF:DF:EE:00:00:04,-96
BLE,1676583014666616477,DF:DF:EE:00:00:01,-78
BLE,1676583014710997974,DF:DF:EE:00:00:02,-83
BLE,1676583014964675204,DF:DF:EE:00:00:05,-92
BLE,1676583015169117502,DF:DF:EE:00:00:02,-87
BLE,1676583015401772301,DF:DF:EE:00:00:04,-95
BLE,1676583015667057836,DF:DF:EE:00:00:01,-94
BLE,1676583015707542551,DF:DF:EE:00:00:02,-89
BLE,1676583015975929170,DF:DF:EE:00:00:05,-95
BLE,1676583016661725688,DF:DF:EE:00:00:01,-97
BLE,1676583016990948503,DF:DF:EE:00:00:05,-93
BLE,1676583017663480321,DF:DF:EE:00:00:01,-84
BLE,1676583017708846347,DF:DF:EE:00:00:02,-93
BLE,1676583017898821419,DF:DF:EE:00:00:03,-91
BLE,1676583018002181094,DF:DF:EE:00:00:05,-94
BLE,1676583018168143567,DF:DF:EE:00:00:02,-95
BLE,1676583020664313196,DF:DF:EE:00:00:01,-88
BLE,1676583020702135071,DF:DF:EE:00:00:02,-101
BLE,1676583021161990534,DF:DF:EE:00:00:02,-95
BLE,1676583021669202788,DF:DF:EE:00:00:01,-95
BLE,1676583021906545401,DF:DF:EE:00:00:03,-93
BLE,1676583022047142334,DF:DF:EE:00:00:05,-94
BLE,1676583022170656868,DF:DF:EE:00:00:02,-86
BLE,1676583022664415508,DF:DF:EE:00:00:01,-93
BLE,1676583023059705033,DF:DF:EE:00:00:05,-91
BLE,1676583023162644005,DF:DF:EE:00:00:02,-102
BLE,1676583023665583857,DF:DF:EE:00:00:01,-94
BLE,1676583023899252685,DF:DF:EE:00:00:03,-99
BLE,1676583024069584058,DF:DF:EE:00:00:05,-96
BLE,1676583024661768231,DF:DF:EE:00:00:01,-92
BLE,1676583024897739986,DF:DF:EE:00:00:03,-98
BLE,1676583025170600380,DF:DF:EE:00:00:02,-95
BLE,1676583025664214938,DF:DF:EE:00:00:01,-88
BLE,1676583025701443779,DF:DF:EE:00:00:02,-99
BLE,1676583026094609124,DF:DF:EE:00:00:05,-92
BLE,1676583026163906499,DF:DF:EE:00:00:02,-92
BLE,1676583026663250690,DF:DF:EE:00:00:01,-87
BLE,1676583026706630034,DF:DF:EE:00:00:02,-99
BLE,1676583033661207104,DF:DF:EE:00:00:01,-99
BLE,1676583034174608693,DF:DF:EE:00:00:05,-99
BLE,1676583034667472761,DF:DF:EE:00:00:01,-99
BLE,1676583036672330551,DF:DF:EE:00:00:01,-91
BLE,1676583036900485036,DF:DF:EE:00:00:03,-94
BLE,1676583037163764805,DF:DF:EE:00:00:02,-101
BLE,1676583037705898847,DF:DF:EE:00:00:02,-97
BLE,1676583039167885647,DF:DF:EE:00:00:02,-99
BLE,1676583039218458020,DF:DF:EE:00:00:05,-98
BLE,1676583039662258654,DF:DF:EE:00:00:01,-92
BLE,1676583040904631773,DF:DF:EE:00:00:03,-100
BLE,1676583041171359206,DF:DF:EE:00:00:02,-98
BLE,1676583041667327483,DF:DF:EE:00:00:01,-91
BLE,1676583042167403456,DF:DF:EE:00:00:02,-96
BLE,1676583042664935088,DF:DF:EE:00:00:01,-91
BLE,1676583042704806144,DF:DF:EE:00:00:02,-98
BLE,1676583043166162962,DF:DF:EE:00:00:02,-90
BLE,1676583043662282779,DF:DF:EE:00:00:01,-92
BLE,1676583043704005811,DF:DF:EE:00:00:02,-100
BLE,1676583043904678034,DF:DF:EE:00:00:03,-101
BLE,1676583044708747780,DF:DF:EE:00:00:02,-88
BLE,1676583044899170429,DF:DF:EE:00:00:03,-100
BLE,1676583045162521740,DF:DF:EE:00:00:02,-101
BLE,1676583045272290081,DF:DF:EE:00:00:05,-100
BLE,1676583045663906029,DF:DF:EE:00:00:01,-93
BLE,1676583045710142168,DF:DF:EE:00:00:02,-99
BLE,1676583045897519941,DF:DF:EE:00:00:03,-98
BLE,1676583046166023850,DF:DF:EE:00:00:02,-95
BLE,1676583047162183891,DF:DF:EE:00:00:02,-86
BLE,1676583047664832913,DF:DF:EE:00:00:01,-91
BLE,1676583048164663889,DF:DF:EE:00:00:02,-98
BLE,1676583048665103232,DF:DF:EE:00:00:01,-90
BLE,1676583048708451368,DF:DF:EE:00:00:02,-99
BLE,1676583049669290875,DF:DF:EE:00:00:01,-93
BLE,1676583049902467543,DF:DF:EE:00:00:03,-97
BLE,1676583050169926674,DF:DF:EE:00:00:02,-98
BLE,1676583050707844189,DF:DF:EE:00:00:02,-97
BLE,1676583051664847580,DF:DF:EE:00:00:01,-93
BLE,1676583051705088715,DF:DF:EE:00:00:02,-98
BLE,1676583052159915786,DF:DF:EE:00:00:02,-99
BLE,1676583052666513340,DF:DF:EE:00:00:01,-79
BLE,1676583052901680231,DF:DF:EE:00:00:03,-90
BLE,1676583053662423967,DF:DF:EE:00:00:01,-81
BLE,1676583054167463916,DF:DF:EE:00:00:02,-101
BLE,1676583054672223410,DF:DF:EE:00:00:01,-91
BLE,1676583054897445975,DF:DF:EE:00:00:03,-96
BLE,1676583055167072786,DF:DF:EE:00:00:02,-99
BLE,1676583055664615376,DF:DF:EE:00:00:01,-92
BLE,1676583055705750999,DF:DF:EE:00:00:02,-99
BLE,1676583055905048447,DF:DF:EE:00:00:03,-100
BLE,1676583056159889579,DF:DF:EE:00:00:02,-97
BLE,1676583056671105655,DF:DF:EE:00:00:01,-80
BLE,1676583056701297130,DF:DF:EE:00:00:02,-101
BLE,1676583057165836157,DF:DF:EE:00:00:02,-98
BLE,1676583057665762757,DF:DF:EE:00:00:01,-90
BLE,1676583058898598460,DF:DF:EE:00:00:03,-98
BLE,1676583059168978886,DF:DF:EE:00:00:02,-96
BLE,1676583060667761699,DF:DF:EE:00:00:01,-94
BLE,1676583060704585296,DF:DF:EE:00:00:02,-98
BLE,1676583061664530982,DF:DF:EE:00:00:01,-91
BLE,1676583062662673746,DF:DF:EE:00:00:01,-91
BLE,1676583063167684529,DF:DF:EE:00:00:02,-99
BLE,1676583063669059860,DF:DF:EE:00:00:01,-75
BLE,1676583063900403510,DF:DF:EE:00:00:03,-99
BLE,1676583064164736724,DF:DF:EE:00:00:02,-99
BLE,1676583064662881806,DF:DF:EE:00:00:01,-92
BLE,1676583065165795992,DF:DF:EE:00:00:02,-98
BLE,1676583065663064085,DF:DF:EE:00:00:01,-93
BLE,1676583065700943335,DF:DF:EE:00:00:02,-98
BLE,1676583066170535711,DF:DF:EE:00:00:02,-99
BLE,1676583066665901496,DF:DF:EE:00:00:01,-91
BLE,1676583066706758581,DF:DF:EE:00:00:02,-98
BLE,1676583066896289451,DF:DF:EE:00:00:03,-100
BLE,1676583067667301884,DF:DF:EE:00:00:01,-93
BLE,1676583067703505530,DF:DF:EE:00:00:02,-101
BLE,1676583067899962059,DF:DF:EE:00:00:03,-99
BLE,1676583068665258109,DF:DF:EE:00:00:01,-91
BLE,1676583068709277777,DF:DF:EE:00:00:02,-98
BLE,1676583068898466526,DF:DF:EE:00:00:03,-98
BLE,1676583069167494012,DF:DF:EE:00:00:02,-98
BLE,1676583069666057172,DF:DF:EE:00:00:01,-91
BLE,1676583069702498732,DF:DF:EE:00:00:02,-99
BLE,1676583070160694842,DF:DF:EE:00:00:02,-101
BLE,1676583070669413075,DF:DF:EE:00:00:01,-91
BLE,1676583070900292482,DF:DF:EE:00:00:03,-99
BLE,1676583071163402587,DF:DF:EE:00:00:02,-99
BLE,1676583071702836832,DF:DF:EE:00:00:02,-97
BLE,1676583071904697663,DF:DF:EE:00:00:03,-98
BLE,1676583072668230945,DF:DF:EE:00:00:01,-90
BLE,1676583073167471888,DF:DF:EE:00:00:02,-98
BLE,1676583073899184257,DF:DF:EE:00:00:03,-99
BLE,1676583074660706150,DF:DF:EE:00:00:01,-90
BLE,1676583074701049116,DF:DF:EE:00:00:02,-97
BLE,1676583075168246357,DF:DF:EE:00:00:02,-100
BLE,1676583075702296673,DF:DF:EE:00:00:02,-102
BLE,1676583075902026866,DF:DF:EE:00:00:03,-100
BLE,1676583076168016933,DF:DF:EE:00:00:02,-97
BLE,1676583076666470969,DF:DF:EE:00:00:01,-91
BLE,1676583076706191819,DF:DF:EE:00:00:02,-97
BLE,1676583076900282962,DF:DF:EE:00:00:03,-100
BLE,1676583077164060600,DF:DF:EE:00:00:02,-87
BLE,1676583077664465861,DF:DF:EE:00:00:01,-90
BLE,1676583077708086492,DF:DF:EE:00:00:02,-99
BLE,1676583078660462653,DF:DF:EE:00:00:01,-90
BLE,1676583078703286629,DF:DF:EE:00:00:02,-98
BLE,1676583078900550355,DF:DF:EE:00:00:03,-87
BLE,1676583079169600007,DF:DF:EE:00:00:02,-96
BLE,1676583079661743585,DF:DF:EE:00:00:01,-92
BLE,1676583079699068008,DF:DF:EE:00:00:02,-98
BLE,1676583080162892377,DF:DF:EE:00:00:02,-97
BLE,1676583080663085515,DF:DF:EE:00:00:01,-91
BLE,1676583080702406579,DF:DF:EE:00:00:02,-98
BLE,1676583081160428482,DF:DF:EE:00:00:02,-99
BLE,1676583081662017769,DF:DF:EE:00:00:01,-95
BLE,1676583081681034226,DF:DF:EE:00:00:05,-100
BLE,1676583081903921613,DF:DF:EE:00:00:03,-101
BLE,1676583082162718234,DF:DF:EE:00:00:02,-98
BLE,1676583083168633312,DF:DF:EE:00:00:02,-101
BLE,1676583083667211513,DF:DF:EE:00:00:01,-93
BLE,1676583083701492852,DF:DF:EE:00:00:02,-98
BLE,1676583083896743729,DF:DF:EE:00:00:03,-101
BLE,1676583084162350426,DF:DF:EE:00:00:02,-99
BLE,1676583084706998727,DF:DF:EE:00:00:02,-96
BLE,1676583085667519072,DF:DF:EE:00:00:01,-91
BLE,1676583085896169049,DF:DF:EE:00:00:03,-98
BLE,1676583086169545352,DF:DF:EE:00:00:02,-97
BLE,1676583086703397254,DF:DF:EE:00:00:02,-98
BLE,1676583086896335287,DF:DF:EE:00:00:03,-104
BLE,1676583087167796907,DF:DF:EE:00:00:02,-100
BLE,1676583087670117600,DF:DF:EE:00:00:01,-93
BLE,1676583087701701391,DF:DF:EE:00:00:02,-96
BLE,1676583088160707490,DF:DF:EE:00:00:02,-100
BLE,1676583088700365524,DF:DF:EE:00:00:02,-101
BLE,1676583089164927508,DF:DF:EE:00:00:02,-98
BLE,1676583090165117745,DF:DF:EE:00:00:02,-99
BLE,1676583090661748097,DF:DF:EE:00:00:01,-92
BLE,1676583090708125859,DF:DF:EE:00:00:02,-101
BLE,1676583090896996446,DF:DF:EE:00:00:03,-102
BLE,1676583091705943294,DF:DF:EE:00:00:02,-97
BLE,1676583092170332697,DF:DF:EE:00:00:02,-100
BLE,1676583092659424899,DF:DF:EE:00:00:01,-92
BLE,1676583092705461249,DF:DF:EE:00:00:02,-99
BLE,1676583093163530569,DF:DF:EE:00:00:02,-102
BLE,1676583093661602943,DF:DF:EE:00:00:01,-89
BLE,1676583093702255781,DF:DF:EE:00:00:02,-100
BLE,1676583094162574321,DF:DF:EE:00:00:02,-99
BLE,1676583094666752281,DF:DF:EE:00:00:01,-92
BLE,1676583094703125426,DF:DF:EE:00:00:02,-98
BLE,1676583095166051765,DF:DF:EE:00:00:02,-99
BLE,1676583095667943047,DF:DF:EE:00:00:01,-89
BLE,1676583095702299801,DF:DF:EE:00:00:02,-99
BLE,1676583096168540388,DF:DF:EE:00:00:02,-98
BLE,1676583096663869924,DF:DF:EE:00:00:01,-92
BLE,1676583096702303374,DF:DF:EE:00:00:02,-98
BLE,1676583098167692337,DF:DF:EE:00:00:02,-95
BLE,1676583098663693781,DF:DF:EE:00:00:01,-81
BLE,1676583099661848545,DF:DF:EE:00:00:01,-94
BLE,1676583099703245581,DF:DF:EE:00:00:02,-98
BLE,1676583100899523143,DF:DF:EE:00:00:03,-99
BLE,1676583101164008480,DF:DF:EE:00:00:02,-98
BLE,1676583101671024695,DF:DF:EE:00:00:01,-92
BLE,1676583102165593991,DF:DF:EE:00:00:02,-99
BLE,1676583102661683725,DF:DF:EE:00:00:01,-94
BLE,1676583102902126547,DF:DF:EE:00:00:03,-100
BLE,1676583103163297178,DF:DF:EE:00:00:02,-99
BLE,1676583103666182988,DF:DF:EE:00:00:01,-94
BLE,1676583105669093180,DF:DF:EE:00:00:01,-92
BLE,1676583105701721123,DF:DF:EE:00:00:02,-100
BLE,1676583105898363357,DF:DF:EE:00:00:03,-100
BLE,1676583106168457579,DF:DF:EE:00:00:02,-100
BLE,1676583106662784669,DF:DF:EE:00:00:01,-93
BLE,1676583107665413541,DF:DF:EE:00:00:01,-90
BLE,1676583107704236445,DF:DF:EE:00:00:02,-98
BLE,1676583108162467679,DF:DF:EE:00:00:02,-97
BLE,1676583108668440657,DF:DF:EE:00:00:01,-92
BLE,1676583108700903895,DF:DF:EE:00:00:02,-87
BLE,1676583109168242717,DF:DF:EE:00:00:02,-99
BLE,1676583109667301412,DF:DF:EE:00:00:01,-89
BLE,1676583109700840886,DF:DF:EE:00:00:02,-101
BLE,1676583110659692294,DF:DF:EE:00:00:01,-91
BLE,1676583110702206774,DF:DF:EE:00:00:02,-96
BLE,1676583111160313635,DF:DF:EE:00:00:02,-98
BLE,1676583111664669510,DF:DF:EE:00:00:01,-91
BLE,1676583112164433279,DF:DF:EE:00:00:02,-98
BLE,1676583112667266924,DF:DF:EE:00:00:01,-82
BLE,1676583113701737166,DF:DF:EE:00:00:02,-90
BLE,1676583114702169484,DF:DF:EE:00:00:02,-98
BLE,1676583115165882479,DF:DF:EE:00:00:02,-99
BLE,1676583115662353250,DF:DF:EE:00:00:01,-92
BLE,1676583116167941733,DF:DF:EE:00:00:02,-96
BLE,1676583117072033199,DF:DF:EE:00:00:05,-100
BLE,1676583117670027628,DF:DF:EE:00:00:01,-92
BLE,1676583117699375240,DF:DF:EE:00:00:02,-96
BLE,1676583118083304665,DF:DF:EE:00:00:05,-103
BLE,1676583118166215902,DF:DF:EE:00:00:02,-98
BLE,1676583118706936088,DF:DF:EE:00:00:02,-103
BLE,1676583118895050518,DF:DF:EE:00:00:03,-99
BLE,1676583119161043169,DF:DF:EE:00:00:02,-96
BLE,1676583119664308808,DF:DF:EE:00:00:01,-92
BLE,1676583119708492557,DF:DF:EE:00:00:02,-100
BLE,1676583120101982856,DF:DF:EE:00:00:05,-102
BLE,1676583120167112036,DF:DF:EE:00:00:02,-99
BLE,1676583120702125131,DF:DF:EE:00:00:02,-99
BLE,1676583121661335743,DF:DF:EE:00:00:01,-90
BLE,1676583122660617992,DF:DF:EE:00:00:01,-94
BLE,1676583122900121702,DF:DF:EE:00:00:03,-99
BLE,1676583123168664819,DF:DF:EE:00:00:02,-96
BLE,1676583123669812069,DF:DF:EE:00:00:01,-93
BLE,1676583123703498124,DF:DF:EE:00:00:02,-100
BLE,1676583124663101106,DF:DF:EE:00:00:01,-92
BLE,1676583124699049797,DF:DF:EE:00:00:02,-96
BLE,1676583125150728577,DF:DF:EE:00:00:05,-100
BLE,1676583125168299345,DF:DF:EE:00:00:02,-97
BLE,1676583125664975904,DF:DF:EE:00:00:01,-89
BLE,1676583125702268370,DF:DF:EE:00:00:02,-98
BLE,1676583126166959935,DF:DF:EE:00:00:02,-102
BLE,1676583126661883935,DF:DF:EE:00:00:01,-93
BLE,1676583126708901938,DF:DF:EE:00:00:02,-98
BLE,1676583127165444862,DF:DF:EE:00:00:02,-104
BLE,1676583127175674893,DF:DF:EE:00:00:05,-100
BLE,1676583127666341824,DF:DF:EE:00:00:01,-91
BLE,1676583127708111730,DF:DF:EE:00:00:02,-98
BLE,1676583128188123510,DF:DF:EE:00:00:05,-100
BLE,1676583128660729263,DF:DF:EE:00:00:01,-89
BLE,1676583129661961237,DF:DF:EE:00:00:01,-91
BLE,1676583131169819721,DF:DF:EE:00:00:02,-97
BLE,1676583131665249964,DF:DF:EE:00:00:01,-92
BLE,1676583133166166291,DF:DF:EE:00:00:02,-102
BLE,1676583134165856160,DF:DF:EE:00:00:02,-102
BLE,1676583134668044397,DF:DF:EE:00:00:01,-80
BLE,1676583134702459900,DF:DF:EE:00:00:02,-99
BLE,1676583135164249546,DF:DF:EE:00:00:02,-85
BLE,1676583135669244329,DF:DF:EE:00:00:01,-81
BLE,1676583135699860591,DF:DF:EE:00:00:02,-100
BLE,1676583136160878038,DF:DF:EE:00:00:02,-90
BLE,1676583136704650434,DF:DF:EE:00:00:02,-88
BLE,1676583136899140113,DF:DF:EE:00:00:03,-103
BLE,1676583137660332718,DF:DF:EE:00:00:01,-89
BLE,1676583137706337776,DF:DF:EE:00:00:02,-97
BLE,1676583138164081851,DF:DF:EE:00:00:02,-100
BLE,1676583138664764691,DF:DF:EE:00:00:01,-91
BLE,1676583138707843371,DF:DF:EE:00:00:02,-98
BLE,1676583139663363616,DF:DF:EE:00:00:01,-90
BLE,1676583140161632321,DF:DF:EE:00:00:02,-100
BLE,1676583140663886015,DF:DF:EE:00:00:01,-81
BLE,1676583140898640912,DF:DF:EE:00:00:03,-100
BLE,1676583141665953144,DF:DF:EE:00:00:01,-80
BLE,1676583142161866339,DF:DF:EE:00:00:02,-98
BLE,1676583142664573610,DF:DF:EE:00:00:01,-93
BLE,1676583142700174807,DF:DF:EE:00:00:02,-89
BLE,1676583143161205087,DF:DF:EE:00:00:02,-100
BLE,1676583143353042635,DF:DF:EE:00:00:05,-101
BLE,1676583143706744626,DF:DF:EE:00:00:02,-100
BLE,1676583144164090914,DF:DF:EE:00:00:02,-99
BLE,1676583144669391110,DF:DF:EE:00:00:01,-92
BLE,1676583145661400205,DF:DF:EE:00:00:01,-92
BLE,1676583145704058933,DF:DF:EE:00:00:02,-101
BLE,1676583146167292060,DF:DF:EE:00:00:02,-96
BLE,1676583146669212217,DF:DF:EE:00:00:01,-92
BLE,1676583147663534073,DF:DF:EE:00:00:01,-91
BLE,1676583147699253351,DF:DF:EE:00:00:02,-100
BLE,1676583148166851128,DF:DF:EE:00:00:02,-98
BLE,1676583148662823406,DF:DF:EE:00:00:01,-91
BLE,1676583150661620693,DF:DF:EE:00:00:01,-91
BLE,1676583151168954195,DF:DF:EE:00:00:02,-100
BLE,1676583151668854962,DF:DF:EE:00:00:01,-92
BLE,1676583151698869023,DF:DF:EE:00:00:02,-96
BLE,1676583152165152068,DF:DF:EE:00:00:02,-100
BLE,1676583152666153904,DF:DF:EE:00:00:01,-90
BLE,1676583152704173568,DF:DF:EE:00:00:02,-100
BLE,1676583153661887492,DF:DF:EE:00:00:01,-93
BLE,1676583153699920906,DF:DF:EE:00:00:02,-98
BLE,1676583154166438364,DF:DF:EE:00:00:02,-88
BLE,1676583154668048775,DF:DF:EE:00:00:01,-91
BLE,1676583154892834970,DF:DF:EE:00:00:03,-101
BLE,1676583155162801610,DF:DF:EE:00:00:02,-96
BLE,1676583155668346553,DF:DF:EE:00:00:01,-92
BLE,1676583156169555177,DF:DF:EE:00:00:02,-99
BLE,1676583156708741383,DF:DF:EE:00:00:02,-100
BLE,1676583157160591702,DF:DF:EE:00:00:02,-98
BLE,1676583157663031102,DF:DF:EE:00:00:01,-90
BLE,1676583157704108684,DF:DF:EE:00:00:02,-96
BLE,1676583158162161255,DF:DF:EE:00:00:02,-99
BLE,1676583158519254284,DF:DF:EE:00:00:05,-100
BLE,1676583158666771959,DF:DF:EE:00:00:01,-91
BLE,1676583158705508322,DF:DF:EE:00:00:02,-100
BLE,1676583159166256482,DF:DF:EE:00:00:02,-98
BLE,1676583159531812608,DF:DF:EE:00:00:05,-100
BLE,1676583159700619252,DF:DF:EE:00:00:02,-98
BLE,1676583159891864182,DF:DF:EE:00:00:03,-99
BLE,1676583160158839236,DF:DF:EE:00:00:02,-96
BLE,1676583161668127452,DF:DF:EE:00:00:01,-90
BLE,1676583162160741607,DF:DF:EE:00:00:02,-99
BLE,1676583162662179729,DF:DF:EE:00:00:01,-92
BLE,1676583162708312244,DF:DF:EE:00:00:02,-102
BLE,1676583163161048676,DF:DF:EE:00:00:02,-101
BLE,1676583164165450900,DF:DF:EE:00:00:02,-98
BLE,1676583164660144861,DF:DF:EE:00:00:01,-91
BLE,1676583164702817130,DF:DF:EE:00:00:02,-97
BLE,1676583165160041628,DF:DF:EE:00:00:02,-97
BLE,1676583165604336546,DF:DF:EE:00:00:05,-101
BLE,1676583165665599903,DF:DF:EE:00:00:01,-91
BLE,1676583166662638807,DF:DF:EE:00:00:01,-91
BLE,1676583166700478974,DF:DF:EE:00:00:02,-101
BLE,1676583167162981943,DF:DF:EE:00:00:02,-101
BLE,1676583167628080795,DF:DF:EE:00:00:05,-99
BLE,1676583167667774521,DF:DF:EE:00:00:01,-91
BLE,1676583167698215868,DF:DF:EE:00:00:02,-98
BLE,1676583168167352542,DF:DF:EE:00:00:02,-95
BLE,1676583168667571471,DF:DF:EE:00:00:01,-89
BLE,1676583168706132503,DF:DF:EE:00:00:02,-88
BLE,1676583169161940186,DF:DF:EE:00:00:02,-97
BLE,1676583169663843844,DF:DF:EE:00:00:01,-93
BLE,1676583169898964236,DF:DF:EE:00:00:03,-99
BLE,1676583170665737308,DF:DF:EE:00:00:01,-89
BLE,1676583170701990079,DF:DF:EE:00:00:02,-102
BLE,1676583170897968280,DF:DF:EE:00:00:03,-105
BLE,1676583171659788002,DF:DF:EE:00:00:01,-89
BLE,1676583172164509080,DF:DF:EE:00:00:02,-98
BLE,1676583172663821480,DF:DF:EE:00:00:01,-92
BLE,1676583172705567220,DF:DF:EE:00:00:02,-88
BLE,1676583172893471278,DF:DF:EE:00:00:03,-91
BLE,1676583173162078894,DF:DF:EE:00:00:02,-86
BLE,1676583173668958902,DF:DF:EE:00:00:01,-82
BLE,1676583174662489185,DF:DF:EE:00:00:01,-91
BLE,1676583174896960586,DF:DF:EE:00:00:03,-99
BLE,1676583175668400889,DF:DF:EE:00:00:01,-94
BLE,1676583176664114810,DF:DF:EE:00:00:01,-91
BLE,1676583176699090889,DF:DF:EE:00:00:02,-98
BLE,1676583177162377390,DF:DF:EE:00:00:02,-99
BLE,1676583177664511086,DF:DF:EE:00:00:01,-90
BLE,1676583178159976412,DF:DF:EE:00:00:02,-97
BLE,1676583178669045391,DF:DF:EE:00:00:01,-92
BLE,1676583178700256645,DF:DF:EE:00:00:02,-98
BLE,1676583179661505231,DF:DF:EE:00:00:01,-93
BLE,1676583179704656827,DF:DF:EE:00:00:02,-97
BLE,1676583179891752104,DF:DF:EE:00:00:03,-99
BLE,1676583180161303999,DF:DF:EE:00:00:02,-97
BLE,1676583180771721513,DF:DF:EE:00:00:05,-103
BLE,1676583181165867678,DF:DF:EE:00:00:02,-100
BLE,1676583182166515118,DF:DF:EE:00:00:02,-98
BLE,1676583182660369965,DF:DF:EE:00:00:01,-89
BLE,1676583182703570352,DF:DF:EE:00:00:02,-96
BLE,1676583183666004714,DF:DF:EE:00:00:01,-92
BLE,1676583183697606504,DF:DF:EE:00:00:02,-98
BLE,1676583183806763061,DF:DF:EE:00:00:05,-101
BLE,1676583184164751579,DF:DF:EE:00:00:02,-97
BLE,1676583184663445029,DF:DF:EE:00:00:01,-90
BLE,1676583184706156256,DF:DF:EE:00:00:02,-97
BLE,1676583184819267177,DF:DF:EE:00:00:05,-100
BLE,1676583185162587722,DF:DF:EE:00:00:02,-101
BLE,1676583185666383313,DF:DF:EE:00:00:01,-92
BLE,1676583186161071316,DF:DF:EE:00:00:02,-99
BLE,1676583186663775337,DF:DF:EE:00:00:01,-90
BLE,1676583186844259077,DF:DF:EE:00:00:05,-99
BLE,1676583187663145169,DF:DF:EE:00:00:01,-93
BLE,1676583188662287712,DF:DF:EE:00:00:01,-92
BLE,1676583188892471794,DF:DF:EE:00:00:03,-100
BLE,1676583189658827997,DF:DF:EE:00:00:01,-90
BLE,1676583189704967887,DF:DF:EE:00:00:02,-98
BLE,1676583190159502629,DF:DF:EE:00:00:02,-99
BLE,1676583190663739463,DF:DF:EE:00:00:01,-91
BLE,1676583191661891478,DF:DF:EE:00:00:01,-91
BLE,1676583192662378711,DF:DF:EE:00:00:01,-90
BLE,1676583192699865049,DF:DF:EE:00:00:02,-103
BLE,1676583192900586812,DF:DF:EE:00:00:05,-102
BLE,1676583193165578476,DF:DF:EE:00:00:02,-97
BLE,1676583193664555130,DF:DF:EE:00:00:01,-90
BLE,1676583194666182932,DF:DF:EE:00:00:01,-91
BLE,1676583194920574778,DF:DF:EE:00:00:05,-90
BLE,1676583195662282307,DF:DF:EE:00:00:01,-89
BLE,1676583195701378123,DF:DF:EE:00:00:02,-87
BLE,1676583195933062102,DF:DF:EE:00:00:05,-100
BLE,1676583196165141868,DF:DF:EE:00:00:02,-89
BLE,1676583196702184727,DF:DF:EE:00:00:02,-86
BLE,1676583197159360642,DF:DF:EE:00:00:02,-89
BLE,1676583197664149345,DF:DF:EE:00:00:01,-89
BLE,1676583197890964055,DF:DF:EE:00:00:03,-88
BLE,1676583198669733261,DF:DF:EE:00:00:01,-91
BLE,1676583198700951765,DF:DF:EE:00:00:02,-96
BLE,1676583199167827218,DF:DF:EE:00:00:02,-101
BLE,1676583199892407015,DF:DF:EE:00:00:03,-100
BLE,1676583200164097341,DF:DF:EE:00:00:02,-97
BLE,1676583200666296369,DF:DF:EE:00:00:01,-94
BLE,1676583200703849331,DF:DF:EE:00:00:02,-97
BLE,1676583201169805588,DF:DF:EE:00:00:02,-88
BLE,1676583201663778725,DF:DF:EE:00:00:01,-91
BLE,1676583201707224859,DF:DF:EE:00:00:02,-99
BLE,1676583201899144906,DF:DF:EE:00:00:03,-98
BLE,1676583202166578787,DF:DF:EE:00:00:02,-100
BLE,1676583202665099489,DF:DF:EE:00:00:01,-91
BLE,1676583202700361982,DF:DF:EE:00:00:02,-100
BLE,1676583203659558177,DF:DF:EE:00:00:01,-93
BLE,1676583203707529710,DF:DF:EE:00:00:02,-101
BLE,1676583203897849444,DF:DF:EE:00:00:03,-99
BLE,1676583204011775522,DF:DF:EE:00:00:05,-98
BLE,1676583204163831428,DF:DF:EE:00:00:02,-97
BLE,1676583204663803694,DF:DF:EE:00:00:01,-90
BLE,1676583204701034911,DF:DF:EE:00:00:02,-98
BLE,1676583205024091640,DF:DF:EE:00:00:05,-100
BLE,1676583205161741362,DF:DF:EE:00:00:02,-97
BLE,1676583205697345949,DF:DF:EE:00:00:02,-99
BLE,1676583207162403291,DF:DF:EE:00:00:02,-98
BLE,1676583207662383807,DF:DF:EE:00:00:01,-94
BLE,1676583208661119189,DF:DF:EE:00:00:01,-90
BLE,1676583209659992069,DF:DF:EE:00:00:01,-91
BLE,1676583209703754407,DF:DF:EE:00:00:02,-96
BLE,1676583210160228873,DF:DF:EE:00:00:02,-102
BLE,1676583210668339531,DF:DF:EE:00:00:01,-91
BLE,1676583211080305044,DF:DF:EE:00:00:05,-99
BLE,1676583211165482460,DF:DF:EE:00:00:02,-98
BLE,1676583211668119524,DF:DF:EE:00:00:01,-94
BLE,1676583212091513761,DF:DF:EE:00:00:05,-103
BLE,1676583212161098132,DF:DF:EE:00:00:02,-97
BLE,1676583212665251177,DF:DF:EE:00:00:01,-92
BLE,1676583213665885908,DF:DF:EE:00:00:01,-89
BLE,1676583213892605203,DF:DF:EE:00:00:03,-100
BLE,1676583214167825898,DF:DF:EE:00:00:02,-101
BLE,1676583214706243656,DF:DF:EE:00:00:02,-102
BLE,1676583215892731681,DF:DF:EE:00:00:03,-98
BLE,1676583216660899068,DF:DF:EE:00:00:01,-90
BLE,1676583216700967080,DF:DF:EE:00:00:02,-100
BLE,1676583216897430400,DF:DF:EE:00:00:03,-102
BLE,1676583217154011467,DF:DF:EE:00:00:05,-100
BLE,1676583217168702106,DF:DF:EE:00:00:02,-98
BLE,1676583217664686716,DF:DF:EE:00:00:01,-92
BLE,1676583217707737397,DF:DF:EE:00:00:02,-99
BLE,1676583217893196946,DF:DF:EE:00:00:03,-99
BLE,1676583218666368934,DF:DF:EE:00:00:01,-94
BLE,1676583218705129838,DF:DF:EE:00:00:02,-99
BLE,1676583219662686431,DF:DF:EE:00:00:01,-91
BLE,1676583219702567487,DF:DF:EE:00:00:02,-104
BLE,1676583219895036693,DF:DF:EE:00:00:03,-98
BLE,1676583220161710626,DF:DF:EE:00:00:02,-99
BLE,1676583220660335368,DF:DF:EE:00:00:01,-91
BLE,1676583220706060014,DF:DF:EE:00:00:02,-99
BLE,1676583220890002249,DF:DF:EE:00:00:03,-99
BLE,1676583221168522026,DF:DF:EE:00:00:02,-105
BLE,1676583221666108282,DF:DF:EE:00:00:01,-91
BLE,1676583222162675051,DF:DF:EE:00:00:02,-86
BLE,1676583222704125185,DF:DF:EE:00:00:02,-101
BLE,1676583223667534534,DF:DF:EE:00:00:01,-90
BLE,1676583223703154605,DF:DF:EE:00:00:02,-96
BLE,1676583224697901539,DF:DF:EE:00:00:02,-99
BLE,1676583225663952936,DF:DF:EE:00:00:01,-94
BLE,1676583226164955313,DF:DF:EE:00:00:02,-97
BLE,1676583227166681030,DF:DF:EE:00:00:02,-98
BLE,1676583227659338643,DF:DF:EE:00:00:01,-90
BLE,1676583227699410572,DF:DF:EE:00:00:02,-97
BLE,1676583227891459491,DF:DF:EE:00:00:03,-104
BLE,1676583228164387634,DF:DF:EE:00:00:02,-102
BLE,1676583228659205259,DF:DF:EE:00:00:01,-95
BLE,1676583229660922935,DF:DF:EE:00:00:01,-90
BLE,1676583229702495635,DF:DF:EE:00:00:02,-98
BLE,1676583230295404923,DF:DF:EE:00:00:05,-99
BLE,1676583230669043651,DF:DF:EE:00:00:01,-91
BLE,1676583231162857456,DF:DF:EE:00:00:02,-100
BLE,1676583231660903123,DF:DF:EE:00:00:01,-90
BLE,1676583232317862481,DF:DF:EE:00:00:05,-101
BLE,1676583232660503118,DF:DF:EE:00:00:01,-95
BLE,1676583233163459970,DF:DF:EE:00:00:02,-99
BLE,1676583233893016326,DF:DF:EE:00:00:03,-90
BLE,1676583235706229483,DF:DF:EE:00:00:02,-98
BLE,1676583235893201095,DF:DF:EE:00:00:03,-99
BLE,1676583236166840436,DF:DF:EE:00:00:02,-95
BLE,1676583236667574359,DF:DF:EE:00:00:01,-94
BLE,1676583236705094404,DF:DF:EE:00:00:02,-97
BLE,1676583237666861108,DF:DF:EE:00:00:01,-91
BLE,1676583237698340483,DF:DF:EE:00:00:02,-101
BLE,1676583238665659947,DF:DF:EE:00:00:01,-90
BLE,1676583238888194089,DF:DF:EE:00:00:03,-97
BLE,1676583239669182932,DF:DF:EE:00:00:01,-80
BLE,1676583239702515699,DF:DF:EE:00:00:02,-101
BLE,1676583240702554064,DF:DF:EE:00:00:02,-88
BLE,1676583241166475056,DF:DF:EE:00:00:02,-91
BLE,1676583241665096382,DF:DF:EE:00:00:01,-94
BLE,1676583242167166412,DF:DF:EE:00:00:02,-98
BLE,1676583242421614673,DF:DF:EE:00:00:05,-101
BLE,1676583242660108396,DF:DF:EE:00:00:01,-91
BLE,1676583242890239062,DF:DF:EE:00:00:03,-100
BLE,1676583243165754504,DF:DF:EE:00:00:02,-97
BLE,1676583243431555157,DF:DF:EE:00:00:05,-96
BLE,1676583243659417520,DF:DF:EE:00:00:01,-89
BLE,1676583243704994376,DF:DF:EE:00:00:02,-96
BLE,1676583244169296238,DF:DF:EE:00:00:02,-98
BLE,1676583244442868122,DF:DF:EE:00:00:05,-90
BLE,1676583244707936827,DF:DF:EE:00:00:02,-87
BLE,1676583244891265736,DF:DF:EE:00:00:03,-93
BLE,1676583245166969425,DF:DF:EE:00:00:02,-87
BLE,1676583245455291406,DF:DF:EE:00:00:05,-91
BLE,1676583245657751396,DF:DF:EE:00:00:01,-91
BLE,1676583246668165415,DF:DF:EE:00:00:01,-92
BLE,1676583246696516249,DF:DF:EE:00:00:02,-98
BLE,1676583246895522576,DF:DF:EE:00:00:03,-97
BLE,1676583247700748974,DF:DF:EE:00:00:02,-98
BLE,1676583247898350154,DF:DF:EE:00:00:03,-103
BLE,1676583248665198017,DF:DF:EE:00:00:01,-91
BLE,1676583248698640158,DF:DF:EE:00:00:02,-97
BLE,1676583249660389821,DF:DF:EE:00:00:01,-91
BLE,1676583249705707638,DF:DF:EE:00:00:02,-100
BLE,1676583249888399557,DF:DF:EE:00:00:03,-101
BLE,1676583250163833916,DF:DF:EE:00:00:02,-97
BLE,1676583250500272385,DF:DF:EE:00:00:05,-99
BLE,1676583250665790322,DF:DF:EE:00:00:01,-93
BLE,1676583251511627641,DF:DF:EE:00:00:05,-99
BLE,1676583251661563368,DF:DF:EE:00:00:01,-90
BLE,1676583251703174526,DF:DF:EE:00:00:02,-100
BLE,1676583252663761204,DF:DF:EE:00:00:01,-83
BLE,1676583252888743271,DF:DF:EE:00:00:03,-91
BLE,1676583253663410406,DF:DF:EE:00:00:01,-91
BLE,1676583253892918664,DF:DF:EE:00:00:03,-89
BLE,1676583254546564732,DF:DF:EE:00:00:05,-102
BLE,1676583254705961084,DF:DF:EE:00:00:02,-97
BLE,1676583255668304446,DF:DF:EE:00:00:01,-91
BLE,1676583256889582178,DF:DF:EE:00:00:03,-98
BLE,1676583257160004728,DF:DF:EE:00:00:02,-98
BLE,1676583257665818292,DF:DF:EE:00:00:01,-91
BLE,1676583257706933290,DF:DF:EE:00:00:02,-102
BLE,1676583257893295868,DF:DF:EE:00:00:03,-104
BLE,1676583258579075970,DF:DF:EE:00:00:05,-102
BLE,1676583258702885542,DF:DF:EE:00:00:02,-98
BLE,1676583258888367381,DF:DF:EE:00:00:03,-97
BLE,1676583259587595930,DF:DF:EE:00:00:05,-100
BLE,1676583259669088853,DF:DF:EE:00:00:01,-91
BLE,1676583259699450702,DF:DF:EE:00:00:02,-97
BLE,1676583260167108895,DF:DF:EE:00:00:02,-99
BLE,1676583260662896300,DF:DF:EE:00:00:01,-91
BLE,1676583260706626888,DF:DF:EE:00:00:02,-86
BLE,1676583260895433226,DF:DF:EE:00:00:03,-98
BLE,1676583261160830259,DF:DF:EE:00:00:02,-98
BLE,1676583261661703472,DF:DF:EE:00:00:01,-90
BLE,1676583261703116050,DF:DF:EE:00:00:02,-97
BLE,1676583261889547752,DF:DF:EE:00:00:03,-102
BLE,1676583262627660953,DF:DF:EE:00:00:05,-100
BLE,1676583263667218629,DF:DF:EE:00:00:01,-93
BLE,1676583263705841243,DF:DF:EE:00:00:02,-97
BLE,1676583264159142543,DF:DF:EE:00:00:02,-96
BLE,1676583264658568316,DF:DF:EE:00:00:01,-94
BLE,1676583264699029490,DF:DF:EE:00:00:02,-97
BLE,1676583265160568597,DF:DF:EE:00:00:02,-100
BLE,1676583266668020212,DF:DF:EE:00:00:01,-92
BLE,1676583266699968832,DF:DF:EE:00:00:02,-99
BLE,1676583267163940657,DF:DF:EE:00:00:02,-99
BLE,1676583267705907701,DF:DF:EE:00:00:02,-101
BLE,1676583267893219475,DF:DF:EE:00:00:03,-98
BLE,1676583268164389641,DF:DF:EE:00:00:02,-98
BLE,1676583268664785610,DF:DF:EE:00:00:01,-94
BLE,1676583268705625486,DF:DF:EE:00:00:02,-101
BLE,1676583269167112845,DF:DF:EE:00:00:02,-97
BLE,1676583270160876917,DF:DF:EE:00:00:02,-98
BLE,1676583270661571798,DF:DF:EE:00:00:01,-90
BLE,1676583272660712646,DF:DF:EE:00:00:01,-91
BLE,1676583272704401405,DF:DF:EE:00:00:02,-88
BLE,1676583272896520506,DF:DF:EE:00:00:03,-92
BLE,1676583273158169317,DF:DF:EE:00:00:02,-88
BLE,1676583273658166579,DF:DF:EE:00:00:01,-84
BLE,1676583274701681657,DF:DF:EE:00:00:02,-97
BLE,1676583274891130459,DF:DF:EE:00:00:03,-98
BLE,1676583275167409995,DF:DF:EE:00:00:02,-99
BLE,1676583275660397308,DF:DF:EE:00:00:01,-93
BLE,1676583275706241164,DF:DF:EE:00:00:02,-100
BLE,1676583276162752373,DF:DF:EE:00:00:02,-98
BLE,1676583276663484084,DF:DF:EE:00:00:01,-90
BLE,1676583276702540362,DF:DF:EE:00:00:02,-99
BLE,1676583277163200100,DF:DF:EE:00:00:02,-97
BLE,1676583277701276862,DF:DF:EE:00:00:02,-88
BLE,1676583278888986545,DF:DF:EE:00:00:03,-89
BLE,1676583279661670598,DF:DF:EE:00:00:01,-90
BLE,1676583280158306822,DF:DF:EE:00:00:02,-103
BLE,1676583280658404583,DF:DF:EE:00:00:01,-94
BLE,1676583280698803010,DF:DF:EE:00:00:02,-99
BLE,1676583280890559365,DF:DF:EE:00:00:03,-100
BLE,1676583281666528459,DF:DF:EE:00:00:01,-94
BLE,1676583282159189526,DF:DF:EE:00:00:02,-96
BLE,1676583282668753079,DF:DF:EE:00:00:01,-89
BLE,1676583282696002805,DF:DF:EE:00:00:02,-99
BLE,1676583282895886136,DF:DF:EE:00:00:03,-100
BLE,1676583283704591133,DF:DF:EE:00:00:02,-98
BLE,1676583283889038709,DF:DF:EE:00:00:03,-97
BLE,1676583284161349047,DF:DF:EE:00:00:02,-98
BLE,1676583284667835974,DF:DF:EE:00:00:01,-90
BLE,1676583284701012955,DF:DF:EE:00:00:02,-99
BLE,1676583285162105395,DF:DF:EE:00:00:02,-98
BLE,1676583285665078577,DF:DF:EE:00:00:01,-91
BLE,1676583285705382756,DF:DF:EE:00:00:02,-96
BLE,1676583286161587802,DF:DF:EE:00:00:02,-87
BLE,1676583286657188247,DF:DF:EE:00:00:01,-91
BLE,1676583286700911631,DF:DF:EE:00:00:02,-98
BLE,1676583286888537207,DF:DF:EE:00:00:03,-101
BLE,1676583287168372529,DF:DF:EE:00:00:02,-100
BLE,1676583287891003949,DF:DF:EE:00:00:03,-100
BLE,1676583288160969359,DF:DF:EE:00:00:02,-100
BLE,1676583288665773017,DF:DF:EE:00:00:01,-94
BLE,1676583288702642907,DF:DF:EE:00:00:02,-98
BLE,1676583289658847299,DF:DF:EE:00:00:01,-93
BLE,1676583289706584047,DF:DF:EE:00:00:02,-98
BLE,1676583289889343520,DF:DF:EE:00:00:03,-99
BLE,1676583290659325235,DF:DF:EE:00:00:01,-91
BLE,1676583291666714204,DF:DF:EE:00:00:01,-89
BLE,1676583292162586270,DF:DF:EE:00:00:02,-99
BLE,1676583292663912974,DF:DF:EE:00:00:01,-92
BLE,1676583292703347247,DF:DF:EE:00:00:02,-87
BLE,1676583293663998872,DF:DF:EE:00:00:01,-83
BLE,1676583293700648307,DF:DF:EE:00:00:02,-86
BLE,1676583295161631024,DF:DF:EE:00:00:02,-97
BLE,1676583295664259293,DF:DF:EE:00:00:01,-93
BLE,1676583295891048729,DF:DF:EE:00:00:03,-102
BLE,1676583297159049440,DF:DF:EE:00:00:02,-97
BLE,1676583297705334428,DF:DF:EE:00:00:02,-97
BLE,1676583297886628212,DF:DF:EE:00:00:03,-100
BLE,1676583298700830303,DF:DF:EE:00:00:02,-102
BLE,1676583299658856505,DF:DF:EE:00:00:01,-90
BLE,1676583299701900064,DF:DF:EE:00:00:02,-98
BLE,1676583299889768179,DF:DF:EE:00:00:03,-101
BLE,1676583300659875933,DF:DF:EE:00:00:01,-94
BLE,1676583300705029298,DF:DF:EE:00:00:02,-89
BLE,1676583301162943113,DF:DF:EE:00:00:02,-98
BLE,1676583301659463880,DF:DF:EE:00:00:01,-90
BLE,1676583301697385006,DF:DF:EE:00:00:02,-102
BLE,1676583302160854415,DF:DF:EE:00:00:02,-98
BLE,1676583302659051701,DF:DF:EE:00:00:01,-93
BLE,1676583302888303522,DF:DF:EE:00:00:03,-101
BLE,1676583303167377188,DF:DF:EE:00:00:02,-97
BLE,1676583303703352977,DF:DF:EE:00:00:02,-96
BLE,1676583304161527331,DF:DF:EE:00:00:02,-99
BLE,1676583304667514473,DF:DF:EE:00:00:01,-94
BLE,1676583304702975174,DF:DF:EE:00:00:02,-97
BLE,1676583304894755987,DF:DF:EE:00:00:03,-100
BLE,1676583305167795523,DF:DF:EE:00:00:02,-97
BLE,1676583305666165432,DF:DF:EE:00:00:01,-89
BLE,1676583305706826356,DF:DF:EE:00:00:02,-97
BLE,1676583305889604621,DF:DF:EE:00:00:03,-97
BLE,1676583306657441155,DF:DF:EE:00:00:01,-90
BLE,1676583306698642572,DF:DF:EE:00:00:02,-98
BLE,1676583307161751569,DF:DF:EE:00:00:02,-89
BLE,1676583307658346584,DF:DF:EE:00:00:01,-83
BLE,1676583307703650781,DF:DF:EE:00:00:02,-90
BLE,1676583308161424015,DF:DF:EE:00:00:02,-86
BLE,1676583308658922810,DF:DF:EE:00:00:01,-80
BLE,1676583308705420324,DF:DF:EE:00:00:02,-89
BLE,1676583308885885577,DF:DF:EE:00:00:03,-98
BLE,1676583309164356584,DF:DF:EE:00:00:02,-100
BLE,1676583309181215988,DF:DF:EE:00:00:05,-104
BLE,1676583309657696726,DF:DF:EE:00:00:01,-93
BLE,1676583309697071417,DF:DF:EE:00:00:02,-97
BLE,1676583310659344895,DF:DF:EE:00:00:01,-90
BLE,1676583310886920655,DF:DF:EE:00:00:03,-100
BLE,1676583311161645961,DF:DF:EE:00:00:02,-97
BLE,1676583311700600461,DF:DF:EE:00:00:02,-99
BLE,1676583311889096776,DF:DF:EE:00:00:03,-102
BLE,1676583312660494555,DF:DF:EE:00:00:01,-79
BLE,1676583313226381910,DF:DF:EE:00:00:05,-94
BLE,1676583313661215070,DF:DF:EE:00:00:01,-83
BLE,1676583313895847028,DF:DF:EE:00:00:03,-99
BLE,1676583314159336690,DF:DF:EE:00:00:02,-102
BLE,1676583315666742255,DF:DF:EE:00:00:01,-94
BLE,1676583315705634869,DF:DF:EE:00:00:02,-95
BLE,1676583316659328086,DF:DF:EE:00:00:01,-94
BLE,1676583317697714981,DF:DF:EE:00:00:02,-96
BLE,1676583317887391363,DF:DF:EE:00:00:03,-98
BLE,1676583318157339982,DF:DF:EE:00:00:02,-97
BLE,1676583318659775754,DF:DF:EE:00:00:01,-94
BLE,1676583318702405861,DF:DF:EE:00:00:02,-100
BLE,1676583319161964738,DF:DF:EE:00:00:02,-97
BLE,1676583319701091153,DF:DF:EE:00:00:02,-101
BLE,1676583319889552801,DF:DF:EE:00:00:03,-99
BLE,1676583320161410020,DF:DF:EE:00:00:02,-97
BLE,1676583320660778541,DF:DF:EE:00:00:01,-95
BLE,1676583321659582081,DF:DF:EE:00:00:01,-89
BLE,1676583322665633693,DF:DF:EE:00:00:01,-95
BLE,1676583322887845481,DF:DF:EE:00:00:03,-100
BLE,1676583323660868072,DF:DF:EE:00:00:01,-90
BLE,1676583323704287960,DF:DF:EE:00:00:02,-96
BLE,1676583324164723659,DF:DF:EE:00:00:02,-101
BLE,1676583325159847372,DF:DF:EE:00:00:02,-89
BLE,1676583325664132412,DF:DF:EE:00:00:01,-90
BLE,1676583326164680250,DF:DF:EE:00:00:02,-99
BLE,1676583326344840799,DF:DF:EE:00:00:05,-102
BLE,1676583326702043813,DF:DF:EE:00:00:02,-98
BLE,1676583326894823322,DF:DF:EE:00:00:03,-104
BLE,1676583327661655577,DF:DF:EE:00:00:01,-93
BLE,1676583327889267586,DF:DF:EE:00:00:03,-99
BLE,1676583328664122403,DF:DF:EE:00:00:01,-92
BLE,1676583328888920365,DF:DF:EE:00:00:03,-101
BLE,1676583329163100720,DF:DF:EE:00:00:02,-97
BLE,1676583329667279594,DF:DF:EE:00:00:01,-89
BLE,1676583329700830112,DF:DF:EE:00:00:02,-99
BLE,1676583329888248190,DF:DF:EE:00:00:03,-102
BLE,1676583330659514679,DF:DF:EE:00:00:01,-90
BLE,1676583330706057360,DF:DF:EE:00:00:02,-96
BLE,1676583331160013435,DF:DF:EE:00:00:02,-97
BLE,1676583331659235125,DF:DF:EE:00:00:01,-93
BLE,1676583331697263291,DF:DF:EE:00:00:02,-98
BLE,1676583332162859006,DF:DF:EE:00:00:02,-99
BLE,1676583332662589730,DF:DF:EE:00:00:01,-92
BLE,1676583333657273283,DF:DF:EE:00:00:01,-91
BLE,1676583333891858575,DF:DF:EE:00:00:03,-102
BLE,1676583334661751624,DF:DF:EE:00:00:01,-91
BLE,1676583335663040257,DF:DF:EE:00:00:01,-90
BLE,1676583335890950387,DF:DF:EE:00:00:03,-99
BLE,1676583336161849243,DF:DF:EE:00:00:02,-100
BLE,1676583336664854508,DF:DF:EE:00:00:01,-93
BLE,1676583336697454913,DF:DF:EE:00:00:02,-99
BLE,1676583337163792201,DF:DF:EE:00:00:02,-99
BLE,1676583337894296059,DF:DF:EE:00:00:03,-100
BLE,1676583338165134874,DF:DF:EE:00:00:02,-100
BLE,1676583339662489905,DF:DF:EE:00:00:01,-91
BLE,1676583339705185969,DF:DF:EE:00:00:02,-99
BLE,1676583340663081338,DF:DF:EE:00:00:01,-94
BLE,1676583340703136854,DF:DF:EE:00:00:02,-97
BLE,1676583341662495746,DF:DF:EE:00:00:01,-92
BLE,1676583342666859005,DF:DF:EE:00:00:01,-94
BLE,1676583343659917954,DF:DF:EE:00:00:01,-94
BLE,1676583343697170006,DF:DF:EE:00:00:02,-99
BLE,1676583343885696445,DF:DF:EE:00:00:03,-98
BLE,1676583344164523114,DF:DF:EE:00:00:02,-98
BLE,1676583344665012953,DF:DF:EE:00:00:01,-91
BLE,1676583344698096060,DF:DF:EE:00:00:02,-99
BLE,1676583345156569827,DF:DF:EE:00:00:02,-97
BLE,1676583345660066918,DF:DF:EE:00:00:01,-83
BLE,1676583346160739672,DF:DF:EE:00:00:02,-97
BLE,1676583346700675659,DF:DF:EE:00:00:02,-99
BLE,1676583347159409756,DF:DF:EE:00:00:02,-98
BLE,1676583347661252785,DF:DF:EE:00:00:01,-93
BLE,1676583347696972483,DF:DF:EE:00:00:02,-100
BLE,1676583348165149955,DF:DF:EE:00:00:02,-98
BLE,1676583348889918305,DF:DF:EE:00:00:03,-101
BLE,1676583349158232404,DF:DF:EE:00:00:02,-98
BLE,1676583349658160875,DF:DF:EE:00:00:01,-90
BLE,1676583349704716639,DF:DF:EE:00:00:02,-97
BLE,1676583350159246415,DF:DF:EE:00:00:02,-103
BLE,1676583351660477644,DF:DF:EE:00:00:01,-91
BLE,1676583351889880463,DF:DF:EE:00:00:03,-99
BLE,1676583352167757269,DF:DF:EE:00:00:02,-99
BLE,1676583352666117553,DF:DF:EE:00:00:01,-79
BLE,1676583352704780712,DF:DF:EE:00:00:02,-91
BLE,1676583353665443254,DF:DF:EE:00:00:01,-92
BLE,1676583353698396029,DF:DF:EE:00:00:02,-88
BLE,1676583354658979113,DF:DF:EE:00:00:01,-85
BLE,1676583354700108948,DF:DF:EE:00:00:02,-98
BLE,1676583355160149110,DF:DF:EE:00:00:02,-99
BLE,1676583355660277288,DF:DF:EE:00:00:01,-91
BLE,1676583355701420705,DF:DF:EE:00:00:02,-100
BLE,1676583356658033675,DF:DF:EE:00:00:01,-92
BLE,1676583356889295594,DF:DF:EE:00:00:03,-100
BLE,1676583357160846401,DF:DF:EE:00:00:02,-101
BLE,1676583357702049830,DF:DF:EE:00:00:02,-99
BLE,1676583357890241065,DF:DF:EE:00:00:03,-98
BLE,1676583358665416544,DF:DF:EE:00:00:01,-94
BLE,1676583359167077993,DF:DF:EE:00:00:02,-100
BLE,1676583359662748729,DF:DF:EE:00:00:01,-91
BLE,1676583359694909931,DF:DF:EE:00:00:02,-97
BLE,1676583360666703285,DF:DF:EE:00:00:01,-94
BLE,1676583360699074610,DF:DF:EE:00:00:02,-99
BLE,1676583360886363982,DF:DF:EE:00:00:03,-100
BLE,1676583361658773414,DF:DF:EE:00:00:01,-94
BLE,1676583361695971092,DF:DF:EE:00:00:02,-101
BLE,1676583362701367379,DF:DF:EE:00:00:02,-98
BLE,1676583363660221320,DF:DF:EE:00:00:01,-94
BLE,1676583364161963184,DF:DF:EE:00:00:02,-100
BLE,1676583365160325772,DF:DF:EE:00:00:02,-98
BLE,1676583365655782719,DF:DF:EE:00:00:01,-91
BLE,1676583365889436482,DF:DF:EE:00:00:03,-102
BLE,1676583366163882375,DF:DF:EE:00:00:02,-99
BLE,1676583366663229146,DF:DF:EE:00:00:01,-91
BLE,1676583367160972563,DF:DF:EE:00:00:02,-89
BLE,1676583367665398850,DF:DF:EE:00:00:01,-95
BLE,1676583367699935730,DF:DF:EE:00:00:02,-98
BLE,1676583367839788100,DF:DF:EE:00:00:05,-103
BLE,1676583367883682315,DF:DF:EE:00:00:03,-98
BLE,1676583369160346871,DF:DF:EE:00:00:02,-99
BLE,1676583369660437048,DF:DF:EE:00:00:01,-90
BLE,1676583369892691913,DF:DF:EE:00:00:03,-101
BLE,1676583370157986343,DF:DF:EE:00:00:02,-98
BLE,1676583370663841903,DF:DF:EE:00:00:01,-92
BLE,1676583370699786556,DF:DF:EE:00:00:02,-102
BLE,1676583371162030023,DF:DF:EE:00:00:02,-102
BLE,1676583371660753427,DF:DF:EE:00:00:01,-92
BLE,1676583372157422067,DF:DF:EE:00:00:02,-97
BLE,1676583372665588972,DF:DF:EE:00:00:01,-92
BLE,1676583372699841021,DF:DF:EE:00:00:02,-97
BLE,1676583373161651494,DF:DF:EE:00:00:02,-100
BLE,1676583373660512688,DF:DF:EE:00:00:01,-91
BLE,1676583373701537482,DF:DF:EE:00:00:02,-98
BLE,1676583374159131510,DF:DF:EE:00:00:02,-97
BLE,1676583374663762795,DF:DF:EE:00:00:01,-95
BLE,1676583374698191093,DF:DF:EE:00:00:02,-98
BLE,1676583375663348409,DF:DF:EE:00:00:01,-92
BLE,1676583376158601067,DF:DF:EE:00:00:02,-100
BLE,1676583376658707411,DF:DF:EE:00:00:01,-91
BLE,1676583376882994922,DF:DF:EE:00:00:03,-98
BLE,1676583377160306152,DF:DF:EE:00:00:02,-102
BLE,1676583377660721076,DF:DF:EE:00:00:01,-91
BLE,1676583377706276644,DF:DF:EE:00:00:02,-97
BLE,1676583378162195694,DF:DF:EE:00:00:02,-97
BLE,1676583378960052375,DF:DF:EE:00:00:05,-92
BLE,1676583379658110951,DF:DF:EE:00:00:01,-94
BLE,1676583380663211742,DF:DF:EE:00:00:01,-92
BLE,1676583380700764582,DF:DF:EE:00:00:02,-98
BLE,1676583381659281027,DF:DF:EE:00:00:01,-94
BLE,1676583381700313946,DF:DF:EE:00:00:02,-99
BLE,1676583382663105835,DF:DF:EE:00:00:01,-91
BLE,1676583383656385490,DF:DF:EE:00:00:01,-92
BLE,1676583383888574063,DF:DF:EE:00:00:03,-102
BLE,1676583385158303918,DF:DF:EE:00:00:02,-98
BLE,1676583385662818788,DF:DF:EE:00:00:01,-95
BLE,1676583386660850963,DF:DF:EE:00:00:01,-91
BLE,1676583387883413063,DF:DF:EE:00:00:03,-100
BLE,1676583388156648972,DF:DF:EE:00:00:02,-88
BLE,1676583388666439481,DF:DF:EE:00:00:01,-92
BLE,1676583389664300701,DF:DF:EE:00:00:01,-90
BLE,1676583390159732731,DF:DF:EE:00:00:02,-100
BLE,1676583390887756789,DF:DF:EE:00:00:03,-99
BLE,1676583391165204351,DF:DF:EE:00:00:02,-98
BLE,1676583391660813129,DF:DF:EE:00:00:01,-91
BLE,1676583391701871798,DF:DF:EE:00:00:02,-97
BLE,1676583392161248302,DF:DF:EE:00:00:02,-98
BLE,1676583392664969016,DF:DF:EE:00:00:01,-95
BLE,1676583392887778254,DF:DF:EE:00:00:03,-98
BLE,1676583393163503214,DF:DF:EE:00:00:02,-99
BLE,1676583393660200270,DF:DF:EE:00:00:01,-92
BLE,1676583394161915468,DF:DF:EE:00:00:02,-97
BLE,1676583394656990629,DF:DF:EE:00:00:01,-90
BLE,1676583394890415978,DF:DF:EE:00:00:03,-101
BLE,1676583395156044903,DF:DF:EE:00:00:02,-98
BLE,1676583395663193405,DF:DF:EE:00:00:01,-91
BLE,1676583396162796923,DF:DF:EE:00:00:02,-98
BLE,1676583396665818520,DF:DF:EE:00:00:01,-94
BLE,1676583396696767739,DF:DF:EE:00:00:02,-102
BLE,1676583397658314269,DF:DF:EE:00:00:01,-94
BLE,1676583399665248769,DF:DF:EE:00:00:01,-92
BLE,1676583399883369777,DF:DF:EE:00:00:03,-100
BLE,1676583400661634258,DF:DF:EE:00:00:01,-91
BLE,1676583400703360543,DF:DF:EE:00:00:02,-98
BLE,1676583400889650219,DF:DF:EE:00:00:03,-103
BLE,1676583401656996093,DF:DF:EE:00:00:01,-91
BLE,1676583401702537120,DF:DF:EE:00:00:02,-97
BLE,1676583401882006053,DF:DF:EE:00:00:03,-101
BLE,1676583402656561707,DF:DF:EE:00:00:01,-94
BLE,1676583402699244355,DF:DF:EE:00:00:02,-91
BLE,1676583403657226473,DF:DF:EE:00:00:01,-90
BLE,1676583403696274877,DF:DF:EE:00:00:02,-98
BLE,1676583404242169369,DF:DF:EE:00:00:05,-104
BLE,1676583404662828924,DF:DF:EE:00:00:01,-90
BLE,1676583405159740602,DF:DF:EE:00:00:02,-97
BLE,1676583405698854184,DF:DF:EE:00:00:02,-98
BLE,1676583405884094249,DF:DF:EE:00:00:03,-100
BLE,1676583406659727348,DF:DF:EE:00:00:01,-93
BLE,1676583406883195286,DF:DF:EE:00:00:03,-100
BLE,1676583407890927251,DF:DF:EE:00:00:03,-101
BLE,1676583408695231472,DF:DF:EE:00:00:02,-97
BLE,1676583408885536138,DF:DF:EE:00:00:03,-99
BLE,1676583409162020129,DF:DF:EE:00:00:02,-98
BLE,1676583409658983057,DF:DF:EE:00:00:01,-91
BLE,1676583409700500344,DF:DF:EE:00:00:02,-97
BLE,1676583410663278817,DF:DF:EE:00:00:01,-94
BLE,1676583410702684757,DF:DF:EE:00:00:02,-97
BLE,1676583411163442452,DF:DF:EE:00:00:02,-100
BLE,1676583411658972481,DF:DF:EE:00:00:01,-91
BLE,1676583412164255341,DF:DF:EE:00:00:02,-99
BLE,1676583412660818940,DF:DF:EE:00:00:01,-82
BLE,1676583412700989162,DF:DF:EE:00:00:02,-99
BLE,1676583413161526902,DF:DF:EE:00:00:02,-88
BLE,1676583413661263459,DF:DF:EE:00:00:01,-92
BLE,1676583414700159723,DF:DF:EE:00:00:02,-98
BLE,1676583414891911619,DF:DF:EE:00:00:03,-100
BLE,1676583415666030487,DF:DF:EE:00:00:01,-92
BLE,1676583416657384876,DF:DF:EE:00:00:01,-80
BLE,1676583416886092037,DF:DF:EE:00:00:03,-100
BLE,1676583417659489290,DF:DF:EE:00:00:01,-94
BLE,1676583417699830301,DF:DF:EE:00:00:02,-100
BLE,1676583417883828675,DF:DF:EE:00:00:03,-101
BLE,1676583418659933433,DF:DF:EE:00:00:01,-91
BLE,1676583419162960031,DF:DF:EE:00:00:02,-98
BLE,1676583419661671477,DF:DF:EE:00:00:01,-94
BLE,1676583420165941600,DF:DF:EE:00:00:02,-101
BLE,1676583420659163243,DF:DF:EE:00:00:01,-92
BLE,1676583421665274687,DF:DF:EE:00:00:01,-94
BLE,1676583422444774360,DF:DF:EE:00:00:05,-102
BLE,1676583422658219222,DF:DF:EE:00:00:01,-94
BLE,1676583422696678841,DF:DF:EE:00:00:02,-99
BLE,1676583423661355913,DF:DF:EE:00:00:01,-90
BLE,1676583423698951378,DF:DF:EE:00:00:02,-97
BLE,1676583423883457828,DF:DF:EE:00:00:03,-99
BLE,1676583424158966915,DF:DF:EE:00:00:02,-99
BLE,1676583424657642987,DF:DF:EE:00:00:01,-94
BLE,1676583424696211605,DF:DF:EE:00:00:02,-96
BLE,1676583425159961177,DF:DF:EE:00:00:02,-97
BLE,1676583425662620655,DF:DF:EE:00:00:01,-91
BLE,1676583426660077046,DF:DF:EE:00:00:01,-94
BLE,1676583426700761720,DF:DF:EE:00:00:02,-100
BLE,1676583426888723083,DF:DF:EE:00:00:03,-98
BLE,1676583427158920032,DF:DF:EE:00:00:02,-101
BLE,1676583427701311862,DF:DF:EE:00:00:02,-98
BLE,1676583428164774980,DF:DF:EE:00:00:02,-98
BLE,1676583428656372644,DF:DF:EE:00:00:01,-91
BLE,1676583428696094289,DF:DF:EE:00:00:02,-98
BLE,1676583428881603684,DF:DF:EE:00:00:03,-101
BLE,1676583429164562049,DF:DF:EE:00:00:02,-98
BLE,1676583429659920956,DF:DF:EE:00:00:01,-91
BLE,1676583430660515181,DF:DF:EE:00:00:01,-91
BLE,1676583430702243591,DF:DF:EE:00:00:02,-99
BLE,1676583430884346823,DF:DF:EE:00:00:03,-102
BLE,1676583431155339886,DF:DF:EE:00:00:02,-98
BLE,1676583431658979601,DF:DF:EE:00:00:01,-95
BLE,1676583432157996751,DF:DF:EE:00:00:02,-98
BLE,1676583432662803242,DF:DF:EE:00:00:01,-90
BLE,1676583432699128223,DF:DF:EE:00:00:02,-98
BLE,1676583433164961643,DF:DF:EE:00:00:02,-101
BLE,1676583433657860873,DF:DF:EE:00:00:01,-95
BLE,1676583433698444090,DF:DF:EE:00:00:02,-97
BLE,1676583433886353412,DF:DF:EE:00:00:03,-98
BLE,1676583434699761181,DF:DF:EE:00:00:02,-101
BLE,1676583435159399390,DF:DF:EE:00:00:02,-87
BLE,1676583435654729464,DF:DF:EE:00:00:01,-92
BLE,1676583435881101947,DF:DF:EE:00:00:03,-102
BLE,1676583437664037349,DF:DF:EE:00:00:01,-94
BLE,1676583437702770382,DF:DF:EE:00:00:02,-99
BLE,1676583437890841535,DF:DF:EE:00:00:03,-102
BLE,1676583438166418955,DF:DF:EE:00:00:02,-98
BLE,1676583438664689574,DF:DF:EE:00:00:01,-90
BLE,1676583438882219340,DF:DF:EE:00:00:03,-99
BLE,1676583439156553860,DF:DF:EE:00:00:02,-100
BLE,1676583439700776999,DF:DF:EE:00:00:02,-98
BLE,1676583440665172075,DF:DF:EE:00:00:01,-91
BLE,1676583441661761187,DF:DF:EE:00:00:01,-90
BLE,1676583442658669794,DF:DF:EE:00:00:01,-95
BLE,1676583443161806515,DF:DF:EE:00:00:02,-99
BLE,1676583443700095232,DF:DF:EE:00:00:02,-97
BLE,1676583444657117613,DF:DF:EE:00:00:01,-91
BLE,1676583444696149517,DF:DF:EE:00:00:02,-98
BLE,1676583444888543697,DF:DF:EE:00:00:03,-100
BLE,1676583445162737760,DF:DF:EE:00:00:02,-99
BLE,1676583445658303998,DF:DF:EE:00:00:01,-90
BLE,1676583446157861932,DF:DF:EE:00:00:02,-98
BLE,1676583446661369607,DF:DF:EE:00:00:01,-95
BLE,1676583446884252886,DF:DF:EE:00:00:03,-98
BLE,1676583447660842764,DF:DF:EE:00:00:01,-93
BLE,1676583448157351572,DF:DF:EE:00:00:02,-96
BLE,1676583448664179745,DF:DF:EE:00:00:01,-93
BLE,1676583448696565277,DF:DF:EE:00:00:02,-99
BLE,1676583449664272310,DF:DF:EE:00:00:01,-91
BLE,1676583449695442483,DF:DF:EE:00:00:02,-98
BLE,1676583450158430982,DF:DF:EE:00:00:02,-100
BLE,1676583450696389996,DF:DF:EE:00:00:02,-98
BLE,1676583451656759375,DF:DF:EE:00:00:01,-94
BLE,1676583451697992458,DF:DF:EE:00:00:02,-99
BLE,1676583452697456198,DF:DF:EE:00:00:02,-100
BLE,1676583453655502441,DF:DF:EE:00:00:01,-91
BLE,1676583453698812788,DF:DF:EE:00:00:02,-98
BLE,1676583453766953184,DF:DF:EE:00:00:05,-100
BLE,1676583453883896814,DF:DF:EE:00:00:03,-101
BLE,1676583454661835882,DF:DF:EE:00:00:01,-91
BLE,1676583455163883243,DF:DF:EE:00:00:02,-97
BLE,1676583455662931559,DF:DF:EE:00:00:01,-94
BLE,1676583455696425702,DF:DF:EE:00:00:02,-100
BLE,1676583455881687434,DF:DF:EE:00:00:03,-100
BLE,1676583456164352136,DF:DF:EE:00:00:02,-86
BLE,1676583456664091860,DF:DF:EE:00:00:01,-80
BLE,1676583456703775380,DF:DF:EE:00:00:02,-100
BLE,1676583457658143546,DF:DF:EE:00:00:01,-90
BLE,1676583457885498767,DF:DF:EE:00:00:03,-99
BLE,1676583458655835101,DF:DF:EE:00:00:01,-83
BLE,1676583458696917812,DF:DF:EE:00:00:02,-89
BLE,1676583458882897576,DF:DF:EE:00:00:03,-101
BLE,1676583459161901992,DF:DF:EE:00:00:02,-100
BLE,1676583459697164666,DF:DF:EE:00:00:02,-87
BLE,1676583460155739140,DF:DF:EE:00:00:02,-88
BLE,1676583460661928238,DF:DF:EE:00:00:01,-83
BLE,1676583460885422175,DF:DF:EE:00:00:03,-100
BLE,1676583461662403131,DF:DF:EE:00:00:01,-91
BLE,1676583462655685911,DF:DF:EE:00:00:01,-92
BLE,1676583462889509171,DF:DF:EE:00:00:03,-102
BLE,1676583463658142361,DF:DF:EE:00:00:01,-79
BLE,1676583463702809358,DF:DF:EE:00:00:02,-88
BLE,1676583464659031333,DF:DF:EE:00:00:01,-92
BLE,1676583464884924073,DF:DF:EE:00:00:03,-90
BLE,1676583465659736557,DF:DF:EE:00:00:01,-92
BLE,1676583465704077724,DF:DF:EE:00:00:02,-97
BLE,1676583466158130965,DF:DF:EE:00:00:02,-97
BLE,1676583466660959232,DF:DF:EE:00:00:01,-91
BLE,1676583467658402374,DF:DF:EE:00:00:01,-95
BLE,1676583467885175727,DF:DF:EE:00:00:03,-98
BLE,1676583468157183735,DF:DF:EE:00:00:02,-100
BLE,1676583468659076139,DF:DF:EE:00:00:01,-76
BLE,1676583468697476093,DF:DF:EE:00:00:02,-85
BLE,1676583469154554545,DF:DF:EE:00:00:02,-98
BLE,1676583469664799006,DF:DF:EE:00:00:01,-78
BLE,1676583470164421565,DF:DF:EE:00:00:02,-100
BLE,1676583470662855639,DF:DF:EE:00:00:01,-90
BLE,1676583470696269033,DF:DF:EE:00:00:02,-101
BLE,1676583471655869298,DF:DF:EE:00:00:01,-92
BLE,1676583471880358431,DF:DF:EE:00:00:03,-99
BLE,1676583472658439872,DF:DF:EE:00:00:01,-90
BLE,1676583472698412680,DF:DF:EE:00:00:02,-101
BLE,1676583473697239970,DF:DF:EE:00:00:02,-87
BLE,1676583474159052692,DF:DF:EE:00:00:02,-89
BLE,1676583474663418272,DF:DF:EE:00:00:01,-79
BLE,1676583475158547099,DF:DF:EE:00:00:02,-99
BLE,1676583475661167327,DF:DF:EE:00:00:01,-92
BLE,1676583475696754817,DF:DF:EE:00:00:02,-98
BLE,1676583475886531198,DF:DF:EE:00:00:03,-102
BLE,1676583476155413665,DF:DF:EE:00:00:02,-98
BLE,1676583476656031961,DF:DF:EE:00:00:01,-94
BLE,1676583477161652941,DF:DF:EE:00:00:02,-99
BLE,1676583477661972366,DF:DF:EE:00:00:01,-92
BLE,1676583477702249003,DF:DF:EE:00:00:02,-97
BLE,1676583478157122567,DF:DF:EE:00:00:02,-98
BLE,1676583478661698811,DF:DF:EE:00:00:01,-94
BLE,1676583478694799792,DF:DF:EE:00:00:02,-98
BLE,1676583479155445655,DF:DF:EE:00:00:02,-102
BLE,1676583480156818662,DF:DF:EE:00:00:02,-99
BLE,1676583480662059397,DF:DF:EE:00:00:01,-94
BLE,1676583480885599751,DF:DF:EE:00:00:03,-100
BLE,1676583481165563280,DF:DF:EE:00:00:02,-98
BLE,1676583481659847909,DF:DF:EE:00:00:01,-92
BLE,1676583481698553859,DF:DF:EE:00:00:02,-101
BLE,1676583482658598575,DF:DF:EE:00:00:01,-90
BLE,1676583483154199187,DF:DF:EE:00:00:02,-98
BLE,1676583483660759738,DF:DF:EE:00:00:01,-90
BLE,1676583483695458074,DF:DF:EE:00:00:02,-98
BLE,1676583484160470963,DF:DF:EE:00:00:02,-99
BLE,1676583484697251033,DF:DF:EE:00:00:02,-98
BLE,1676583484884704278,DF:DF:EE:00:00:03,-100
BLE,1676583485158110935,DF:DF:EE:00:00:02,-100
BLE,1676583485658459235,DF:DF:EE:00:00:01,-93
BLE,1676583485695955075,DF:DF:EE:00:00:02,-100
BLE,1676583485889772903,DF:DF:EE:00:00:03,-101
BLE,1676583486161679163,DF:DF:EE:00:00:02,-99
BLE,1676583486699979464,DF:DF:EE:00:00:02,-98
BLE,1676583487662170485,DF:DF:EE:00:00:01,-95
BLE,1676583488164073889,DF:DF:EE:00:00:02,-97
BLE,1676583489159816095,DF:DF:EE:00:00:02,-97
BLE,1676583489661079674,DF:DF:EE:00:00:01,-94
BLE,1676583489880311835,DF:DF:EE:00:00:03,-100
BLE,1676583490155031558,DF:DF:EE:00:00:02,-101
BLE,1676583491655340882,DF:DF:EE:00:00:01,-91
BLE,1676583491699964671,DF:DF:EE:00:00:02,-97
BLE,1676583491888123406,DF:DF:EE:00:00:03,-100
BLE,1676583492660637504,DF:DF:EE:00:00:01,-90
BLE,1676583492695581920,DF:DF:EE:00:00:02,-98
BLE,1676583493162435368,DF:DF:EE:00:00:02,-98
BLE,1676583493664840890,DF:DF:EE:00:00:01,-95
BLE,1676583493695056452,DF:DF:EE:00:00:02,-99
BLE,1676583493883368477,DF:DF:EE:00:00:03,-100
BLE,1676583494661934328,DF:DF:EE:00:00:01,-91
BLE,1676583495662392639,DF:DF:EE:00:00:01,-91
BLE,1676583495697549427,DF:DF:EE:00:00:02,-100
BLE,1676583495885765328,DF:DF:EE:00:00:03,-101
BLE,1676583496653886858,DF:DF:EE:00:00:01,-91
BLE,1676583497660147634,DF:DF:EE:00:00:01,-91
BLE,1676583498659974036,DF:DF:EE:00:00:01,-94
BLE,1676583498700123259,DF:DF:EE:00:00:02,-99
BLE,1676583498882748942,DF:DF:EE:00:00:03,-98
BLE,1676583499655042042,DF:DF:EE:00:00:01,-94
BLE,1676583500161731634,DF:DF:EE:00:00:02,-98
BLE,1676583501155894652,DF:DF:EE:00:00:02,-99
BLE,1676583501886356719,DF:DF:EE:00:00:03,-102
BLE,1676583502157734402,DF:DF:EE:00:00:02,-98
BLE,1676583502659729513,DF:DF:EE:00:00:01,-91
BLE,1676583502700900681,DF:DF:EE:00:00:02,-99
BLE,1676583502884999553,DF:DF:EE:00:00:03,-96
BLE,1676583503663595404,DF:DF:EE:00:00:01,-77
BLE,1676583503692683938,DF:DF:EE:00:00:02,-99
BLE,1676583504159908881,DF:DF:EE:00:00:02,-99
BLE,1676583504661191085,DF:DF:EE:00:00:01,-92
BLE,1676583504702829163,DF:DF:EE:00:00:02,-101
BLE,1676583504883000004,DF:DF:EE:00:00:03,-101
BLE,1676583505156878738,DF:DF:EE:00:00:02,-100
BLE,1676583505664737897,DF:DF:EE:00:00:01,-88
BLE,1676583505696174859,DF:DF:EE:00:00:02,-100
BLE,1676583506164608661,DF:DF:EE:00:00:02,-95
BLE,1676583506884119288,DF:DF:EE:00:00:03,-103
BLE,1676583507163085372,DF:DF:EE:00:00:02,-98
BLE,1676583507656895008,DF:DF:EE:00:00:01,-92
BLE,1676583507695589957,DF:DF:EE:00:00:02,-96
BLE,1676583508660419236,DF:DF:EE:00:00:01,-88
BLE,1676583508702280603,DF:DF:EE:00:00:02,-97
BLE,1676583509341791365,DF:DF:EE:00:00:05,-101
BLE,1676583509660286221,DF:DF:EE:00:00:01,-92
BLE,1676583510664007738,DF:DF:EE:00:00:01,-89
BLE,1676583510883462604,DF:DF:EE:00:00:03,-105
BLE,1676583510884894210,DF:DF:EE:00:00:03,-100
BLE,1676583511163412342,DF:DF:EE:00:00:02,-99
BLE,1676583511662796612,DF:DF:EE:00:00:01,-91
BLE,1676583511699267216,DF:DF:EE:00:00:02,-96
BLE,1676583512657735704,DF:DF:EE:00:00:01,-96
BLE,1676583513161354793,DF:DF:EE:00:00:02,-95
BLE,1676583513660982019,DF:DF:EE:00:00:01,-93
BLE,1676583513701282656,DF:DF:EE:00:00:02,-85
BLE,1676583514155825474,DF:DF:EE:00:00:02,-99
BLE,1676583514658512368,DF:DF:EE:00:00:01,-95
BLE,1676583515160270857,DF:DF:EE:00:00:02,-96
BLE,1676583516160487462,DF:DF:EE:00:00:02,-99
BLE,1676583516661857707,DF:DF:EE:00:00:01,-95
BLE,1676583518160646593,DF:DF:EE:00:00:02,-98
BLE,1676583518656425244,DF:DF:EE:00:00:01,-93
BLE,1676583518701102490,DF:DF:EE:00:00:02,-97
BLE,1676583519165434138,DF:DF:EE:00:00:02,-98
BLE,1676583519661507535,DF:DF:EE:00:00:01,-88
BLE,1676583520159875736,DF:DF:EE:00:00:02,-97
BLE,1676583520662007679,DF:DF:EE:00:00:01,-92
BLE,1676583520700450257,DF:DF:EE:00:00:02,-95
BLE,1676583521658974785,DF:DF:EE:00:00:01,-96
BLE,1676583522157937144,DF:DF:EE:00:00:02,-96
BLE,1676583522661153656,DF:DF:EE:00:00:01,-93
BLE,1676583522698440749,DF:DF:EE:00:00:02,-97
BLE,1676583523161236625,DF:DF:EE:00:00:02,-98
BLE,1676583523654243688,DF:DF:EE:00:00:01,-92
BLE,1676583524162912920,DF:DF:EE:00:00:02,-96
BLE,1676583524659478102,DF:DF:EE:00:00:01,-77
BLE,1676583524881572475,DF:DF:EE:00:00:03,-105
BLE,1676583525160801306,DF:DF:EE:00:00:02,-97
BLE,1676583525655031644,DF:DF:EE:00:00:01,-92
BLE,1676583525887820668,DF:DF:EE:00:00:03,-98
BLE,1676583526163254798,DF:DF:EE:00:00:02,-94
BLE,1676583526663363059,DF:DF:EE:00:00:01,-89
BLE,1676583527658096695,DF:DF:EE:00:00:01,-92
BLE,1676583527694927836,DF:DF:EE:00:00:02,-97
BLE,1676583528165432236,DF:DF:EE:00:00:02,-95
BLE,1676583528656797986,DF:DF:EE:00:00:01,-94
BLE,1676583529696600030,DF:DF:EE:00:00:02,-96
BLE,1676583530663914526,DF:DF:EE:00:00:01,-90
BLE,1676583530877188973,DF:DF:EE:00:00:03,-101
BLE,1676583531699441625,DF:DF:EE:00:00:02,-97
BLE,1676583532660130667,DF:DF:EE:00:00:01,-96
BLE,1676583532698136625,DF:DF:EE:00:00:02,-101
BLE,1676583533163250138,DF:DF:EE:00:00:02,-95
BLE,1676583534653877340,DF:DF:EE:00:00:01,-92
BLE,1676583535153535148,DF:DF:EE:00:00:02,-100
BLE,1676583535643071548,DF:DF:EE:00:00:05,-102
BLE,1676583535663942982,DF:DF:EE:00:00:01,-90
BLE,1676583535882689733,DF:DF:EE:00:00:03,-102
BLE,1676583536158400318,DF:DF:EE:00:00:02,-96
BLE,1676583536655431786,DF:DF:EE:00:00:01,-92
BLE,1676583536696754617,DF:DF:EE:00:00:02,-98
BLE,1676583537664682814,DF:DF:EE:00:00:01,-76
BLE,1676583537671977384,DF:DF:EE:00:00:05,-100
BLE,1676583538699343300,DF:DF:EE:00:00:02,-96
BLE,1676583539156848620,DF:DF:EE:00:00:02,-100
BLE,1676583539656983131,DF:DF:EE:00:00:01,-96
BLE,1676583539697993925,DF:DF:EE:00:00:05,-102
BLE,1676583540157968589,DF:DF:EE:00:00:02,-96
BLE,1676583540657669105,DF:DF:EE:00:00:01,-88
BLE,1676583541160168085,DF:DF:EE:00:00:02,-99
BLE,1676583541660781256,DF:DF:EE:00:00:01,-93
BLE,1676583541886605163,DF:DF:EE:00:00:03,-102
BLE,1676583542160871683,DF:DF:EE:00:00:02,-98
BLE,1676583542693743847,DF:DF:EE:00:00:02,-100
BLE,1676583543160059011,DF:DF:EE:00:00:02,-98
BLE,1676583543655884911,DF:DF:EE:00:00:01,-89
BLE,1676583544157433945,DF:DF:EE:00:00:02,-98
BLE,1676583544660396918,DF:DF:EE:00:00:01,-89
BLE,1676583544696585234,DF:DF:EE:00:00:02,-101
BLE,1676583546163377041,DF:DF:EE:00:00:02,-89
BLE,1676583546662299318,DF:DF:EE:00:00:01,-89
BLE,1676583546701689675,DF:DF:EE:00:00:02,-100
BLE,1676583547160281565,DF:DF:EE:00:00:02,-97
BLE,1676583547659481546,DF:DF:EE:00:00:01,-91
BLE,1676583547697412131,DF:DF:EE:00:00:02,-83
BLE,1676583548162118024,DF:DF:EE:00:00:02,-100
BLE,1676583548660508974,DF:DF:EE:00:00:01,-91
BLE,1676583548696767789,DF:DF:EE:00:00:02,-96
BLE,1676583548884524280,DF:DF:EE:00:00:03,-100
BLE,1676583549159284044,DF:DF:EE:00:00:02,-97
BLE,1676583549700516848,DF:DF:EE:00:00:02,-98
BLE,1676583549879551287,DF:DF:EE:00:00:03,-97
BLE,1676583550160943339,DF:DF:EE:00:00:02,-99
BLE,1676583550658488508,DF:DF:EE:00:00:01,-92
BLE,1676583550880283552,DF:DF:EE:00:00:03,-101
BLE,1676583551693863901,DF:DF:EE:00:00:02,-98
BLE,1676583551882884792,DF:DF:EE:00:00:03,-99
BLE,1676583552159703738,DF:DF:EE:00:00:02,-98
BLE,1676583552662475214,DF:DF:EE:00:00:01,-91
BLE,1676583552699950679,DF:DF:EE:00:00:02,-97
BLE,1676583553662465572,DF:DF:EE:00:00:01,-89
BLE,1676583553693913034,DF:DF:EE:00:00:02,-97
BLE,1676583553878215361,DF:DF:EE:00:00:03,-99
BLE,1676583554655487980,DF:DF:EE:00:00:01,-92
BLE,1676583554702166950,DF:DF:EE:00:00:02,-97
BLE,1676583554882211500,DF:DF:EE:00:00:03,-100
BLE,1676583555156698310,DF:DF:EE:00:00:02,-96
BLE,1676583555660850893,DF:DF:EE:00:00:01,-89
BLE,1676583555692942679,DF:DF:EE:00:00:02,-95
BLE,1676583555878586323,DF:DF:EE:00:00:03,-99
BLE,1676583556662644685,DF:DF:EE:00:00:01,-89
BLE,1676583556700507104,DF:DF:EE:00:00:02,-95
BLE,1676583557156133742,DF:DF:EE:00:00:02,-95
BLE,1676583557658435140,DF:DF:EE:00:00:01,-91
BLE,1676583557875962823,DF:DF:EE:00:00:03,-98
BLE,1676583558160959078,DF:DF:EE:00:00:02,-96
BLE,1676583558700418030,DF:DF:EE:00:00:02,-95
BLE,1676583559663483915,DF:DF:EE:00:00:01,-92
BLE,1676583560157355800,DF:DF:EE:00:00:02,-99
BLE,1676583560658644170,DF:DF:EE:00:00:01,-88
BLE,1676583560703739786,DF:DF:EE:00:00:02,-84
BLE,1676583560883491257,DF:DF:EE:00:00:03,-96
BLE,1676583561159915166,DF:DF:EE:00:00:02,-98
BLE,1676583561656099895,DF:DF:EE:00:00:01,-90
BLE,1676583561696181827,DF:DF:EE:00:00:02,-95
BLE,1676583562156821606,DF:DF:EE:00:00:02,-98
BLE,1676583562663786610,DF:DF:EE:00:00:01,-89
BLE,1676583562881626456,DF:DF:EE:00:00:03,-97
BLE,1676583563660612218,DF:DF:EE:00:00:01,-90
BLE,1676583563696575287,DF:DF:EE:00:00:02,-96
BLE,1676583564156365287,DF:DF:EE:00:00:02,-98
BLE,1676583564661130945,DF:DF:EE:00:00:01,-88
BLE,1676583564698470871,DF:DF:EE:00:00:02,-101
BLE,1676583564876625613,DF:DF:EE:00:00:03,-99
BLE,1676583565158922778,DF:DF:EE:00:00:02,-95
BLE,1676583565658679335,DF:DF:EE:00:00:01,-91
BLE,1676583566153349209,DF:DF:EE:00:00:02,-100
BLE,1676583566661234784,DF:DF:EE:00:00:01,-91
BLE,1676583566699064996,DF:DF:EE:00:00:02,-97
BLE,1676583567659123212,DF:DF:EE:00:00:01,-76
BLE,1676583567693339012,DF:DF:EE:00:00:02,-99
BLE,1676583567879729563,DF:DF:EE:00:00:03,-99
BLE,1676583568161296112,DF:DF:EE:00:00:02,-97
BLE,1676583568655862446,DF:DF:EE:00:00:01,-91
BLE,1676583568696341331,DF:DF:EE:00:00:02,-96
BLE,1676583568878894890,DF:DF:EE:00:00:03,-98
BLE,1676583569163995560,DF:DF:EE:00:00:02,-96
BLE,1676583569695018081,DF:DF:EE:00:00:02,-88
BLE,1676583569882952737,DF:DF:EE:00:00:03,-98
BLE,1676583570158173411,DF:DF:EE:00:00:02,-97
BLE,1676583570657641639,DF:DF:EE:00:00:01,-90
BLE,1676583571161592599,DF:DF:EE:00:00:02,-99
BLE,1676583571660304712,DF:DF:EE:00:00:01,-76
BLE,1676583571699798193,DF:DF:EE:00:00:02,-90
BLE,1676583571876391956,DF:DF:EE:00:00:03,-99
BLE,1676583572663356697,DF:DF:EE:00:00:01,-92
BLE,1676583572701735984,DF:DF:EE:00:00:02,-96
BLE,1676583572884294543,DF:DF:EE:00:00:03,-100
BLE,1676583573158424815,DF:DF:EE:00:00:02,-101
BLE,1676583573663927214,DF:DF:EE:00:00:01,-88
BLE,1676583573692596795,DF:DF:EE:00:00:02,-96
BLE,1676583574162118958,DF:DF:EE:00:00:02,-96
BLE,1676583574662612339,DF:DF:EE:00:00:01,-89
BLE,1676583574696635267,DF:DF:EE:00:00:02,-94
BLE,1676583574879719153,DF:DF:EE:00:00:03,-96
BLE,1676583575156796220,DF:DF:EE:00:00:02,-96
BLE,1676583575660026940,DF:DF:EE:00:00:01,-80
BLE,1676583575694680734,DF:DF:EE:00:00:02,-99
BLE,1676583575885463102,DF:DF:EE:00:00:03,-98
BLE,1676583576162058592,DF:DF:EE:00:00:02,-95
BLE,1676583576657115794,DF:DF:EE:00:00:01,-88
BLE,1676583576701720416,DF:DF:EE:00:00:02,-95
BLE,1676583577657138027,DF:DF:EE:00:00:01,-90
BLE,1676583578157392619,DF:DF:EE:00:00:02,-100
BLE,1676583578701342471,DF:DF:EE:00:00:02,-97
BLE,1676583579160145066,DF:DF:EE:00:00:02,-97
BLE,1676583579662204843,DF:DF:EE:00:00:01,-92
BLE,1676583579693968217,DF:DF:EE:00:00:02,-96
BLE,1676583580163450381,DF:DF:EE:00:00:02,-84
BLE,1676583580655955408,DF:DF:EE:00:00:01,-91
BLE,1676583580693979825,DF:DF:EE:00:00:02,-98
BLE,1676583580884034286,DF:DF:EE:00:00:03,-98
BLE,1676583581162109298,DF:DF:EE:00:00:02,-96
BLE,1676583581658578857,DF:DF:EE:00:00:01,-91
BLE,1676583581699402487,DF:DF:EE:00:00:02,-84
BLE,1676583582155917613,DF:DF:EE:00:00:02,-98
BLE,1676583582657248691,DF:DF:EE:00:00:01,-91
BLE,1676583582693143844,DF:DF:EE:00:00:02,-99
BLE,1676583583157868528,DF:DF:EE:00:00:02,-95
BLE,1676583583700224401,DF:DF:EE:00:00:02,-96
BLE,1676583583880867777,DF:DF:EE:00:00:03,-99
BLE,1676583584163724768,DF:DF:EE:00:00:02,-99
BLE,1676583584662196009,DF:DF:EE:00:00:01,-91
BLE,1676583584696621765,DF:DF:EE:00:00:02,-98
BLE,1676583585154731202,DF:DF:EE:00:00:02,-99
BLE,1676583585662643903,DF:DF:EE:00:00:01,-90
BLE,1676583585700453531,DF:DF:EE:00:00:02,-93
BLE,1676583585878470524,DF:DF:EE:00:00:03,-97
BLE,1676583586157297818,DF:DF:EE:00:00:02,-98
BLE,1676583586659142598,DF:DF:EE:00:00:01,-91
BLE,1676583586882324415,DF:DF:EE:00:00:03,-98
BLE,1676583587156450229,DF:DF:EE:00:00:02,-97
BLE,1676583587661728089,DF:DF:EE:00:00:01,-88
BLE,1676583587702804799,DF:DF:EE:00:00:02,-96
BLE,1676583587877117008,DF:DF:EE:00:00:03,-101
BLE,1676583588161676477,DF:DF:EE:00:00:02,-96
BLE,1676583588699858863,DF:DF:EE:00:00:02,-98
BLE,1676583588881473434,DF:DF:EE:00:00:03,-102
BLE,1676583589160328936,DF:DF:EE:00:00:02,-99
BLE,1676583589659862080,DF:DF:EE:00:00:01,-88
BLE,1676583589697562793,DF:DF:EE:00:00:02,-101
BLE,1676583589885354491,DF:DF:EE:00:00:03,-87
BLE,1676583590157207627,DF:DF:EE:00:00:02,-98
BLE,1676583590657745757,DF:DF:EE:00:00:01,-90
BLE,1676583590882919673,DF:DF:EE:00:00:03,-100
BLE,1676583591664226863,DF:DF:EE:00:00:01,-87
BLE,1676583591696466231,DF:DF:EE:00:00:02,-97
BLE,1676583591876083704,DF:DF:EE:00:00:03,-99
BLE,1676583592156779515,DF:DF:EE:00:00:02,-96
BLE,1676583592699173721,DF:DF:EE:00:00:02,-96
BLE,1676583593698665294,DF:DF:EE:00:00:02,-87
BLE,1676583594154192515,DF:DF:EE:00:00:02,-89
BLE,1676583594656933033,DF:DF:EE:00:00:01,-88
BLE,1676583594702683807,DF:DF:EE:00:00:02,-84
BLE,1676583594876140111,DF:DF:EE:00:00:03,-102
BLE,1676583595161411737,DF:DF:EE:00:00:02,-97
BLE,1676583595659258278,DF:DF:EE:00:00:01,-92
BLE,1676583595882094766,DF:DF:EE:00:00:03,-98
BLE,1676583596662417802,DF:DF:EE:00:00:01,-89
BLE,1676583596694215301,DF:DF:EE:00:00:02,-101
BLE,1676583597156534892,DF:DF:EE:00:00:02,-95
BLE,1676583597656737652,DF:DF:EE:00:00:01,-90
BLE,1676583597880003884,DF:DF:EE:00:00:03,-98
BLE,1676583598153883910,DF:DF:EE:00:00:02,-97
BLE,1676583598654115128,DF:DF:EE:00:00:01,-92
BLE,1676583598691911548,DF:DF:EE:00:00:02,-96
BLE,1676583598884129730,DF:DF:EE:00:00:03,-98
BLE,1676583599158972326,DF:DF:EE:00:00:02,-97
BLE,1676583599654943808,DF:DF:EE:00:00:01,-89
BLE,1676583599698671025,DF:DF:EE:00:00:02,-96
BLE,1676583599876425273,DF:DF:EE:00:00:03,-99
BLE,1676583600158793395,DF:DF:EE:00:00:02,-100
BLE,1676583600655948570,DF:DF:EE:00:00:01,-92
BLE,1676583600694764143,DF:DF:EE:00:00:02,-97
BLE,1676583600874394741,DF:DF:EE:00:00:03,-97
BLE,1676583601162058627,DF:DF:EE:00:00:02,-95
BLE,1676583601662401926,DF:DF:EE:00:00:01,-89
BLE,1676583601697931418,DF:DF:EE:00:00:02,-96
BLE,1676583601881218092,DF:DF:EE:00:00:03,-97
BLE,1676583602154684498,DF:DF:EE:00:00:02,-96
BLE,1676583602656437404,DF:DF:EE:00:00:01,-92
BLE,1676583602698001900,DF:DF:EE:00:00:02,-97
BLE,1676583602883594419,DF:DF:EE:00:00:03,-101
BLE,1676583603154912770,DF:DF:EE:00:00:02,-98
BLE,1676583603661736526,DF:DF:EE:00:00:01,-91
BLE,1676583603703108816,DF:DF:EE:00:00:02,-94
BLE,1676583604157707883,DF:DF:EE:00:00:02,-97
BLE,1676583604662638789,DF:DF:EE:00:00:01,-91
BLE,1676583604700464292,DF:DF:EE:00:00:02,-97
BLE,1676583604878745907,DF:DF:EE:00:00:03,-100
BLE,1676583605153889791,DF:DF:EE:00:00:02,-99
BLE,1676583605656894723,DF:DF:EE:00:00:01,-89
BLE,1676583605695877252,DF:DF:EE:00:00:02,-102
BLE,1676583606661447562,DF:DF:EE:00:00:01,-91
BLE,1676583606695980067,DF:DF:EE:00:00:02,-97
BLE,1676583607161480324,DF:DF:EE:00:00:02,-100
BLE,1676583607655488707,DF:DF:EE:00:00:01,-91
BLE,1676583607878099365,DF:DF:EE:00:00:03,-100
BLE,1676583608157375070,DF:DF:EE:00:00:02,-95
BLE,1676583608661979313,DF:DF:EE:00:00:01,-90
BLE,1676583608697158809,DF:DF:EE:00:00:02,-93
BLE,1676583609658946003,DF:DF:EE:00:00:01,-92
BLE,1676583609691916486,DF:DF:EE:00:00:02,-98
BLE,1676583609881964655,DF:DF:EE:00:00:03,-100
BLE,1676583610159477800,DF:DF:EE:00:00:02,-95
BLE,1676583610656897638,DF:DF:EE:00:00:01,-88
BLE,1676583610699365205,DF:DF:EE:00:00:02,-96
BLE,1676583610878071940,DF:DF:EE:00:00:03,-86
BLE,1676583611154723887,DF:DF:EE:00:00:02,-98
BLE,1676583611654681108,DF:DF:EE:00:00:01,-90
BLE,1676583611696487726,DF:DF:EE:00:00:02,-97
BLE,1676583612154556997,DF:DF:EE:00:00:02,-99
BLE,1676583612702907041,DF:DF:EE:00:00:02,-96
BLE,1676583613156865867,DF:DF:EE:00:00:02,-97
BLE,1676583613652821307,DF:DF:EE:00:00:01,-91
BLE,1676583613876562325,DF:DF:EE:00:00:03,-100
BLE,1676583614162148155,DF:DF:EE:00:00:02,-97
BLE,1676583614654549976,DF:DF:EE:00:00:01,-92
BLE,1676583614694730615,DF:DF:EE:00:00:02,-101
BLE,1676583615156490504,DF:DF:EE:00:00:02,-96
BLE,1676583615663325552,DF:DF:EE:00:00:01,-92
BLE,1676583615693948858,DF:DF:EE:00:00:02,-96
BLE,1676583616659822748,DF:DF:EE:00:00:01,-89
BLE,1676583617696721746,DF:DF:EE:00:00:02,-95
BLE,1676583617880240584,DF:DF:EE:00:00:03,-100
BLE,1676583618154656436,DF:DF:EE:00:00:02,-99
BLE,1676583618664044950,DF:DF:EE:00:00:01,-88
BLE,1676583619155309036,DF:DF:EE:00:00:02,-100
BLE,1676583619697231122,DF:DF:EE:00:00:02,-94
BLE,1676583619877210632,DF:DF:EE:00:00:03,-100
BLE,1676583620155819012,DF:DF:EE:00:00:02,-99
BLE,1676583620661031414,DF:DF:EE:00:00:01,-91
BLE,1676583620699647740,DF:DF:EE:00:00:02,-100
BLE,1676583620878444515,DF:DF:EE:00:00:03,-101
BLE,1676583621154691301,DF:DF:EE:00:00:02,-98
BLE,1676583621659039382,DF:DF:EE:00:00:01,-89
BLE,1676583621699937386,DF:DF:EE:00:00:02,-96
BLE,1676583621881933452,DF:DF:EE:00:00:03,-99
BLE,1676583622161259365,DF:DF:EE:00:00:02,-96
BLE,1676583622660683343,DF:DF:EE:00:00:01,-91
BLE,1676583623162950742,DF:DF:EE:00:00:02,-97
BLE,1676583623662070725,DF:DF:EE:00:00:01,-88
BLE,1676583623701693954,DF:DF:EE:00:00:02,-97
BLE,1676583623884118515,DF:DF:EE:00:00:03,-87
BLE,1676583624696720377,DF:DF:EE:00:00:02,-95
BLE,1676583625160522824,DF:DF:EE:00:00:02,-97
BLE,1676583625662461019,DF:DF:EE:00:00:01,-89
BLE,1676583625698501420,DF:DF:EE:00:00:02,-99
BLE,1676583626158752247,DF:DF:EE:00:00:02,-94
BLE,1676583626659830953,DF:DF:EE:00:00:01,-91
BLE,1676583626698045826,DF:DF:EE:00:00:02,-97
BLE,1676583626876097736,DF:DF:EE:00:00:03,-101
BLE,1676583627155084278,DF:DF:EE:00:00:02,-97
BLE,1676583627658005627,DF:DF:EE:00:00:01,-90
BLE,1676583627696422289,DF:DF:EE:00:00:02,-98
BLE,1676583628697317302,DF:DF:EE:00:00:02,-96
BLE,1676583628878119259,DF:DF:EE:00:00:03,-98
BLE,1676583629652272543,DF:DF:EE:00:00:01,-91
BLE,1676583629695472517,DF:DF:EE:00:00:02,-97
BLE,1676583629881818860,DF:DF:EE:00:00:03,-103
BLE,1676583630159798499,DF:DF:EE:00:00:02,-96
BLE,1676583630655923229,DF:DF:EE:00:00:01,-88
BLE,1676583630702481325,DF:DF:EE:00:00:02,-94
BLE,1676583630884583015,DF:DF:EE:00:00:03,-101
BLE,1676583631657356776,DF:DF:EE:00:00:01,-90
BLE,1676583631877512508,DF:DF:EE:00:00:03,-99
BLE,1676583632661762243,DF:DF:EE:00:00:01,-88
BLE,1676583632693019332,DF:DF:EE:00:00:02,-98
BLE,1676583632882540133,DF:DF:EE:00:00:03,-97
BLE,1676583633159305204,DF:DF:EE:00:00:02,-98
BLE,1676583633696780682,DF:DF:EE:00:00:02,-96
BLE,1676583633877179978,DF:DF:EE:00:00:03,-100
BLE,1676583634159680891,DF:DF:EE:00:00:02,-98
BLE,1676583634662134829,DF:DF:EE:00:00:01,-89
BLE,1676583634691758565,DF:DF:EE:00:00:02,-97
BLE,1676583635655254611,DF:DF:EE:00:00:01,-95
BLE,1676583636656111249,DF:DF:EE:00:00:01,-92
BLE,1676583636694682201,DF:DF:EE:00:00:02,-104
BLE,1676583636873618474,DF:DF:EE:00:00:03,-99
BLE,1676583637879852792,DF:DF:EE:00:00:03,-98
BLE,1676583638662406091,DF:DF:EE:00:00:01,-102
BLE,1676583639662310201,DF:DF:EE:00:00:01,-96
BLE,1676583640656272680,DF:DF:EE:00:00:01,-95
BLE,1676583641658143513,DF:DF:EE:00:00:01,-95
BLE,1676583641877846126,DF:DF:EE:00:00:03,-97
BLE,1676583642659479479,DF:DF:EE:00:00:01,-95
BLE,1676583642877616153,DF:DF:EE:00:00:03,-101
BLE,1676583643654476027,DF:DF:EE:00:00:01,-100
BLE,1676583643882746069,DF:DF:EE:00:00:03,-97
BLE,1676583644875036820,DF:DF:EE:00:00:03,-86
BLE,1676583645881308179,DF:DF:EE:00:00:03,-98
BLE,1676583646879991930,DF:DF:EE:00:00:03,-97
BLE,1676583647653704803,DF:DF:EE:00:00:01,-94
BLE,1676583647696282244,DF:DF:EE:00:00:02,-102
BLE,1676583647882042886,DF:DF:EE:00:00:03,-100
BLE,1676583648654973728,DF:DF:EE:00:00:01,-96
BLE,1676583648875928032,DF:DF:EE:00:00:03,-100
BLE,1676583649652347579,DF:DF:EE:00:00:01,-95
BLE,1676583650658956975,DF:DF:EE:00:00:01,-96
BLE,1676583650882870116,DF:DF:EE:00:00:03,-101
BLE,1676583651876187728,DF:DF:EE:00:00:03,-98
BLE,1676583652658135244,DF:DF:EE:00:00:01,-100
BLE,1676583654660338556,DF:DF:EE:00:00:01,-90
BLE,1676583654880953948,DF:DF:EE:00:00:03,-97
BLE,1676583655655235106,DF:DF:EE:00:00:01,-95
BLE,1676583655874900219,DF:DF:EE:00:00:03,-99
BLE,1676583656657161522,DF:DF:EE:00:00:01,-98
BLE,1676583657658959273,DF:DF:EE:00:00:01,-96
BLE,1676583658657926770,DF:DF:EE:00:00:01,-97
BLE,1676583659660451053,DF:DF:EE:00:00:01,-93
BLE,1676583659882997003,DF:DF:EE:00:00:03,-97
BLE,1676583660657849153,DF:DF:EE:00:00:01,-95
BLE,1676583660875141881,DF:DF:EE:00:00:03,-99
BLE,1676583662654905242,DF:DF:EE:00:00:01,-96
BLE,1676583663880323429,DF:DF:EE:00:00:03,-98
BLE,1676583664661259916,DF:DF:EE:00:00:01,-94
BLE,1676583664873872122,DF:DF:EE:00:00:03,-98
BLE,1676583666655735163,DF:DF:EE:00:00:01,-96
BLE,1676583667662348309,DF:DF:EE:00:00:01,-98
BLE,1676583668661101225,DF:DF:EE:00:00:01,-95
BLE,1676583669877456657,DF:DF:EE:00:00:03,-97
BLE,1676583670663437327,DF:DF:EE:00:00:01,-92
BLE,1676583671654458053,DF:DF:EE:00:00:01,-96
BLE,1676583671876187014,DF:DF:EE:00:00:03,-101
BLE,1676583672657737035,DF:DF:EE:00:00:01,-96
BLE,1676583672698843245,DF:DF:EE:00:00:02,-100
BLE,1676583673657351981,DF:DF:EE:00:00:01,-83
BLE,1676583674653393267,DF:DF:EE:00:00:01,-96
BLE,1676583675660822485,DF:DF:EE:00:00:01,-96
BLE,1676583676160160006,DF:DF:EE:00:00:02,-103
BLE,1676583676653940225,DF:DF:EE:00:00:01,-94
BLE,1676583676875660395,DF:DF:EE:00:00:03,-96
BLE,1676583677153743740,DF:DF:EE:00:00:02,-99
BLE,1676583678873892676,DF:DF:EE:00:00:03,-95
BLE,1676583679660756835,DF:DF:EE:00:00:01,-98
BLE,1676583680877268973,DF:DF:EE:00:00:03,-96
BLE,1676583681652824197,DF:DF:EE:00:00:01,-97
BLE,1676583682655832807,DF:DF:EE:00:00:01,-97
BLE,1676583683653132618,DF:DF:EE:00:00:01,-95
BLE,1676583684659981802,DF:DF:EE:00:00:01,-98
BLE,1676583685875515286,DF:DF:EE:00:00:03,-98
BLE,1676583687878942082,DF:DF:EE:00:00:03,-99
BLE,1676583689356176918,DF:DF:EE:00:00:05,-101
BLE,1676583689656544679,DF:DF:EE:00:00:01,-97
BLE,1676583689877959186,DF:DF:EE:00:00:03,-98
BLE,1676583690651856224,DF:DF:EE:00:00:01,-99
BLE,1676583691653705141,DF:DF:EE:00:00:01,-99
BLE,1676583692651975897,DF:DF:EE:00:00:01,-92
BLE,1676583692878410088,DF:DF:EE:00:00:03,-98
BLE,1676583693882033232,DF:DF:EE:00:00:03,-98
BLE,1676583694657148378,DF:DF:EE:00:00:01,-97
BLE,1676583695662660414,DF:DF:EE:00:00:01,-96
BLE,1676583696655455992,DF:DF:EE:00:00:01,-94
BLE,1676583697155567878,DF:DF:EE:00:00:02,-99
BLE,1676583697662173762,DF:DF:EE:00:00:01,-95
BLE,1676583698658379628,DF:DF:EE:00:00:01,-92
BLE,1676583699653349052,DF:DF:EE:00:00:01,-98
BLE,1676583699874236982,DF:DF:EE:00:00:03,-96
BLE,1676583700876225273,DF:DF:EE:00:00:03,-97
BLE,1676583701653762679,DF:DF:EE:00:00:01,-92
BLE,1676583701698675589,DF:DF:EE:00:00:02,-102
BLE,1676583703878902687,DF:DF:EE:00:00:03,-99
BLE,1676583704692789616,DF:DF:EE:00:00:02,-100
BLE,1676583704874156107,DF:DF:EE:00:00:03,-99
BLE,1676583707566123771,DF:DF:EE:00:00:05,-89
BLE,1676583707878627456,DF:DF:EE:00:00:03,-98
BLE,1676583708694862979,DF:DF:EE:00:00:02,-100
BLE,1676583711873551538,DF:DF:EE:00:00:03,-100
BLE,1676583712654569316,DF:DF:EE:00:00:01,-93
BLE,1676583713881037073,DF:DF:EE:00:00:03,-99
BLE,1676583714875393921,DF:DF:EE:00:00:03,-85
BLE,1676583716655145782,DF:DF:EE:00:00:01,-98
BLE,1676583716873172917,DF:DF:EE:00:00:03,-102
BLE,1676583718655773490,DF:DF:EE:00:00:01,-98
BLE,1676583718880765491,DF:DF:EE:00:00:03,-99
BLE,1676583719653398254,DF:DF:EE:00:00:01,-95
BLE,1676583720654225435,DF:DF:EE:00:00:01,-100
BLE,1676583721657881120,DF:DF:EE:00:00:01,-94
BLE,1676583722658870215,DF:DF:EE:00:00:01,-101
BLE,1676583722692484398,DF:DF:EE:00:00:02,-102
BLE,1676583723660416219,DF:DF:EE:00:00:01,-95
BLE,1676583723879136220,DF:DF:EE:00:00:03,-100
BLE,1676583725653454694,DF:DF:EE:00:00:01,-99
BLE,1676583728876616543,DF:DF:EE:00:00:03,-98
BLE,1676583729653850246,DF:DF:EE:00:00:01,-97
BLE,1676583729878624750,DF:DF:EE:00:00:03,-97
BLE,1676583730874480996,DF:DF:EE:00:00:03,-98
BLE,1676583731152545300,DF:DF:EE:00:00:02,-98
BLE,1676583732656056541,DF:DF:EE:00:00:01,-95
BLE,1676583732877974458,DF:DF:EE:00:00:03,-98
BLE,1676583733875238310,DF:DF:EE:00:00:03,-101
BLE,1676583734653190753,DF:DF:EE:00:00:01,-96
BLE,1676583734877884592,DF:DF:EE:00:00:03,-100
BLE,1676583736658524524,DF:DF:EE:00:00:01,-98
BLE,1676583737651430309,DF:DF:EE:00:00:01,-84
BLE,1676583738658211161,DF:DF:EE:00:00:01,-96
BLE,1676583739875142668,DF:DF:EE:00:00:03,-98
BLE,1676583741658010571,DF:DF:EE:00:00:01,-96
BLE,1676583741871811761,DF:DF:EE:00:00:03,-99
BLE,1676583746655670517,DF:DF:EE:00:00:01,-94
BLE,1676583746874680222,DF:DF:EE:00:00:03,-98
BLE,1676583747657075065,DF:DF:EE:00:00:01,-101
BLE,1676583747876851052,DF:DF:EE:00:00:03,-100
BLE,1676583748656339766,DF:DF:EE:00:00:01,-95
BLE,1676583752656076368,DF:DF:EE:00:00:01,-98
BLE,1676583752869353316,DF:DF:EE:00:00:03,-102
BLE,1676583753871839808,DF:DF:EE:00:00:03,-99
BLE,1676583754654505522,DF:DF:EE:00:00:01,-102
BLE,1676583755656137775,DF:DF:EE:00:00:01,-98
BLE,1676583756870691189,DF:DF:EE:00:00:03,-100
BLE,1676583757656134533,DF:DF:EE:00:00:01,-92
BLE,1676583758693960977,DF:DF:EE:00:00:02,-98
BLE,1676583759657037862,DF:DF:EE:00:00:01,-93
BLE,1676583760692072177,DF:DF:EE:00:00:02,-88
BLE,1676583761659061468,DF:DF:EE:00:00:01,-92
BLE,1676583761879553071,DF:DF:EE:00:00:03,-101
BLE,1676583762696527126,DF:DF:EE:00:00:02,-101
BLE,1676583763877336691,DF:DF:EE:00:00:03,-96
BLE,1676583764159017822,DF:DF:EE:00:00:02,-99
BLE,1676583764698340318,DF:DF:EE:00:00:02,-99
BLE,1676583766657115993,DF:DF:EE:00:00:01,-91
BLE,1676583766876714523,DF:DF:EE:00:00:03,-101
BLE,1676583768656671006,DF:DF:EE:00:00:01,-94
BLE,1676583768877068776,DF:DF:EE:00:00:03,-99
BLE,1676583770870474829,DF:DF:EE:00:00:03,-98
BLE,1676583771654673315,DF:DF:EE:00:00:01,-95
BLE,1676583772879214014,DF:DF:EE:00:00:03,-86
BLE,1676583773652600850,DF:DF:EE:00:00:01,-84
BLE,1676583773870988147,DF:DF:EE:00:00:03,-87
BLE,1676583774877307338,DF:DF:EE:00:00:03,-100
BLE,1676583775655555652,DF:DF:EE:00:00:01,-95
BLE,1676583779873654718,DF:DF:EE:00:00:03,-97
BLE,1676583780655017450,DF:DF:EE:00:00:01,-94
BLE,1676583780869887168,DF:DF:EE:00:00:03,-98
BLE,1676583782874373908,DF:DF:EE:00:00:03,-97
BLE,1676583786878619243,DF:DF:EE:00:00:03,-99
BLE,1676583788877499640,DF:DF:EE:00:00:03,-98
BLE,1676583789652566413,DF:DF:EE:00:00:01,-95
BLE,1676583790875149304,DF:DF:EE:00:00:03,-98
BLE,1676583791652555379,DF:DF:EE:00:00:01,-97
BLE,1676583794650208109,DF:DF:EE:00:00:01,-97
BLE,1676583795872051093,DF:DF:EE:00:00:03,-99
BLE,1676583796651467017,DF:DF:EE:00:00:01,-96
BLE,1676583798653468749,DF:DF:EE:00:00:01,-97
BLE,1676583798869960653,DF:DF:EE:00:00:03,-98
BLE,1676583799876336636,DF:DF:EE:00:00:03,-101
BLE,1676583800875131052,DF:DF:EE:00:00:03,-100
BLE,1676583802657278297,DF:DF:EE:00:00:01,-92
BLE,1676583802877844399,DF:DF:EE:00:00:03,-101
BLE,1676583803653593704,DF:DF:EE:00:00:01,-99
BLE,1676583805660346665,DF:DF:EE:00:00:01,-99
BLE,1676583807652286403,DF:DF:EE:00:00:01,-93
BLE,1676583809655439620,DF:DF:EE:00:00:01,-93
BLE,1676583809875551102,DF:DF:EE:00:00:03,-97
BLE,1676583810655880889,DF:DF:EE:00:00:01,-99
BLE,1676583811656274366,DF:DF:EE:00:00:01,-93
BLE,1676583812654179169,DF:DF:EE:00:00:01,-99
BLE,1676583812689959990,DF:DF:EE:00:00:02,-102
BLE,1676583812869033220,DF:DF:EE:00:00:03,-99
BLE,1676583814660029850,DF:DF:EE:00:00:01,-89
BLE,1676583814698369054,DF:DF:EE:00:00:02,-102
BLE,1676583816651659717,DF:DF:EE:00:00:01,-92
BLE,1676583816695352977,DF:DF:EE:00:00:02,-100
BLE,1676583817876213333,DF:DF:EE:00:00:03,-101
BLE,1676583818653115706,DF:DF:EE:00:00:01,-93
BLE,1676583818875753489,DF:DF:EE:00:00:03,-100
BLE,1676583819149704013,DF:DF:EE:00:00:02,-102
BLE,1676583820657797361,DF:DF:EE:00:00:01,-92
BLE,1676583823653186204,DF:DF:EE:00:00:01,-94
BLE,1676583823697073044,DF:DF:EE:00:00:02,-101
BLE,1676583823869216740,DF:DF:EE:00:00:03,-99
BLE,1676583825660238036,DF:DF:EE:00:00:01,-100
BLE,1676583825869336038,DF:DF:EE:00:00:03,-98
BLE,1676583826690415830,DF:DF:EE:00:00:02,-101
BLE,1676583826875833685,DF:DF:EE:00:00:03,-98
BLE,1676583827866125088,DF:DF:EE:00:00:03,-102
BLE,1676583828689431018,DF:DF:EE:00:00:02,-100
BLE,1676583829876464085,DF:DF:EE:00:00:03,-97
BLE,1676583831868153785,DF:DF:EE:00:00:03,-101
BLE,1676583832650190132,DF:DF:EE:00:00:01,-95
BLE,1676583832694075639,DF:DF:EE:00:00:02,-101
BLE,1676583832867830356,DF:DF:EE:00:00:03,-98
BLE,1676583834650640009,DF:DF:EE:00:00:01,-93
BLE,1676583834873152793,DF:DF:EE:00:00:03,-98
BLE,1676583835652643674,DF:DF:EE:00:00:01,-86
BLE,1676583835688676784,DF:DF:EE:00:00:02,-101
BLE,1676583837153287203,DF:DF:EE:00:00:02,-99
BLE,1676583837652873429,DF:DF:EE:00:00:01,-99
BLE,1676583837690286271,DF:DF:EE:00:00:02,-100
BLE,1676583838870077266,DF:DF:EE:00:00:03,-100
BLE,1676583839655407862,DF:DF:EE:00:00:01,-99
BLE,1676583839695221672,DF:DF:EE:00:00:02,-101
BLE,1676583839868224857,DF:DF:EE:00:00:03,-99
BLE,1676583841650099689,DF:DF:EE:00:00:01,-92
BLE,1676583841868407529,DF:DF:EE:00:00:03,-97
BLE,1676583843658443296,DF:DF:EE:00:00:01,-97
BLE,1676583844689210208,DF:DF:EE:00:00:02,-103
BLE,1676583845653473827,DF:DF:EE:00:00:01,-94
BLE,1676583845875485701,DF:DF:EE:00:00:03,-100
BLE,1676583846655680448,DF:DF:EE:00:00:01,-98
BLE,1676583847868040515,DF:DF:EE:00:00:03,-99
BLE,1676583848695386184,DF:DF:EE:00:00:02,-100
BLE,1676583850650606489,DF:DF:EE:00:00:01,-94
BLE,1676583850693301344,DF:DF:EE:00:00:02,-98
BLE,1676583850867970799,DF:DF:EE:00:00:03,-98
BLE,1676583852156835152,DF:DF:EE:00:00:02,-100
BLE,1676583852651275696,DF:DF:EE:00:00:01,-93
BLE,1676583853653067447,DF:DF:EE:00:00:01,-100
BLE,1676583854873488450,DF:DF:EE:00:00:03,-98
BLE,1676583855654454812,DF:DF:EE:00:00:01,-101
BLE,1676583858653753145,DF:DF:EE:00:00:01,-97
BLE,1676583858875844601,DF:DF:EE:00:00:03,-100
BLE,1676583859650421005,DF:DF:EE:00:00:01,-98
BLE,1676583859869982662,DF:DF:EE:00:00:03,-100
BLE,1676583861655066952,DF:DF:EE:00:00:01,-98
BLE,1676583861870850866,DF:DF:EE:00:00:03,-100
BLE,1676583862656239461,DF:DF:EE:00:00:01,-101
BLE,1676583863657734800,DF:DF:EE:00:00:01,-97
BLE,1676583863868306783,DF:DF:EE:00:00:03,-97
BLE,1676583866649311151,DF:DF:EE:00:00:01,-95
BLE,1676583867651250526,DF:DF:EE:00:00:01,-99
BLE,1676583869653904207,DF:DF:EE:00:00:01,-99
BLE,1676583870653489487,DF:DF:EE:00:00:01,-97
BLE,1676583871656797802,DF:DF:EE:00:00:01,-97
BLE,1676583872658310306,DF:DF:EE:00:00:01,-99
BLE,1676583874873617276,DF:DF:EE:00:00:03,-100
BLE,1676583875650145363,DF:DF:EE:00:00:01,-97
BLE,1676583876658785982,DF:DF:EE:00:00:01,-99
BLE,1676583877651518353,DF:DF:EE:00:00:01,-96
BLE,1676583878656147858,DF:DF:EE:00:00:01,-98
BLE,1676583879654119618,DF:DF:EE:00:00:01,-98
BLE,1676583881868510142,DF:DF:EE:00:00:03,-100
BLE,1676583883651547126,DF:DF:EE:00:00:01,-98
BLE,1676583883866760672,DF:DF:EE:00:00:03,-97
BLE,1676583885652756451,DF:DF:EE:00:00:01,-99
BLE,1676583886654210957,DF:DF:EE:00:00:01,-99
BLE,1676583887659998280,DF:DF:EE:00:00:01,-99
BLE,1676583887873228020,DF:DF:EE:00:00:03,-100
BLE,1676583888866267594,DF:DF:EE:00:00:03,-99
BLE,1676583889658192478,DF:DF:EE:00:00:01,-101
BLE,1676583892650987522,DF:DF:EE:00:00:01,-97
BLE,1676583892871578082,DF:DF:EE:00:00:03,-98
BLE,1676583893650585427,DF:DF:EE:00:00:01,-88
BLE,1676583893869625965,DF:DF:EE:00:00:03,-88
BLE,1676583894871890627,DF:DF:EE:00:00:03,-87
BLE,1676583895866860343,DF:DF:EE:00:00:03,-100
BLE,1676583896659348928,DF:DF:EE:00:00:01,-100
BLE,1676583897652932704,DF:DF:EE:00:00:01,-98
BLE,1676583897866937225,DF:DF:EE:00:00:03,-98
BLE,1676583899868788916,DF:DF:EE:00:00:03,-98
BLE,1676583902650673607,DF:DF:EE:00:00:01,-101
BLE,1676583902867164595,DF:DF:EE:00:00:03,-98
BLE,1676583903657448293,DF:DF:EE:00:00:01,-97
BLE,1676583904648996470,DF:DF:EE:00:00:01,-98
BLE,1676583904871972040,DF:DF:EE:00:00:03,-101
BLE,1676583906652099937,DF:DF:EE:00:00:01,-97
BLE,1676583906870779855,DF:DF:EE:00:00:03,-98
BLE,1676583907657836011,DF:DF:EE:00:00:01,-97
BLE,1676583908869943999,DF:DF:EE:00:00:03,-100
BLE,1676583910654472422,DF:DF:EE:00:00:01,-99
BLE,1676583910868215946,DF:DF:EE:00:00:03,-98
BLE,1676583912656072075,DF:DF:EE:00:00:01,-99
BLE,1676583915869205682,DF:DF:EE:00:00:03,-103
BLE,1676583916658488767,DF:DF:EE:00:00:01,-96
BLE,1676583917656237613,DF:DF:EE:00:00:01,-101
BLE,1676583917870472631,DF:DF:EE:00:00:03,-98
BLE,1676583918649568726,DF:DF:EE:00:00:01,-97
BLE,1676583918866063672,DF:DF:EE:00:00:03,-98
BLE,1676583920868912517,DF:DF:EE:00:00:03,-100
BLE,1676583921656682998,DF:DF:EE:00:00:01,-97
BLE,1676583922864334794,DF:DF:EE:00:00:03,-99
BLE,1676583923656861295,DF:DF:EE:00:00:01,-98
BLE,1676583924865881448,DF:DF:EE:00:00:03,-100
BLE,1676583925657534461,DF:DF:EE:00:00:01,-87
BLE,1676583926867330895,DF:DF:EE:00:00:03,-99
BLE,1676583931868129425,DF:DF:EE:00:00:03,-97
BLE,1676583933862422174,DF:DF:EE:00:00:03,-101
BLE,1676583938870158113,DF:DF:EE:00:00:03,-98
BLE,1676583940871774599,DF:DF:EE:00:00:03,-98
BLE,1676583944872566730,DF:DF:EE:00:00:03,-98
BLE,1676583948871329136,DF:DF:EE:00:00:03,-98
BLE,1676583949871290870,DF:DF:EE:00:00:03,-98
BLE,1676583950863667287,DF:DF:EE:00:00:03,-98
BLE,1676583951656584158,DF:DF:EE:00:00:01,-101
BLE,1676583951864810171,DF:DF:EE:00:00:03,-99
BLE,1676583953867887722,DF:DF:EE:00:00:03,-86
BLE,1676583954865190699,DF:DF:EE:00:00:03,-88
BLE,1676583956865302247,DF:DF:EE:00:00:03,-97
BLE,1676583957870469454,DF:DF:EE:00:00:03,-99
BLE,1676583958865161715,DF:DF:EE:00:00:03,-101
BLE,1676583960864623021,DF:DF:EE:00:00:03,-98
BLE,1676583962866201508,DF:DF:EE:00:00:03,-90
BLE,1676583963864157310,DF:DF:EE:00:00:03,-98
BLE,1676583965649460806,DF:DF:EE:00:00:01,-99
BLE,1676583967870328869,DF:DF:EE:00:00:03,-98
BLE,1676583969874172660,DF:DF:EE:00:00:03,-87
BLE,1676583970875812788,DF:DF:EE:00:00:03,-85
BLE,1676583971657674721,DF:DF:EE:00:00:01,-100
BLE,1676583971871013126,DF:DF:EE:00:00:03,-97
BLE,1676583975661924223,DF:DF:EE:00:00:01,-97
BLE,1676583976872733227,DF:DF:EE:00:00:03,-99
BLE,1676583977875876627,DF:DF:EE:00:00:03,-100
BLE,1676583978869061241,DF:DF:EE:00:00:03,-98
BLE,1676583982661594900,DF:DF:EE:00:00:01,-100
BLE,1676583982870903899,DF:DF:EE:00:00:03,-99
BLE,1676583984873110461,DF:DF:EE:00:00:03,-98
BLE,1676583985871679088,DF:DF:EE:00:00:03,-98
BLE,1676583986873160510,DF:DF:EE:00:00:03,-98
BLE,1676583987655962556,DF:DF:EE:00:00:01,-99
BLE,1676583987868790551,DF:DF:EE:00:00:03,-99
BLE,1676583988658761836,DF:DF:EE:00:00:01,-103
BLE,1676583989878275476,DF:DF:EE:00:00:03,-98
BLE,1676583991663122603,DF:DF:EE:00:00:01,-99
BLE,1676583992869966117,DF:DF:EE:00:00:03,-97
BLE,1676583995875084166,DF:DF:EE:00:00:03,-97
BLE,1676583996874288243,DF:DF:EE:00:00:03,-99
BLE,1676583998655986369,DF:DF:EE:00:00:01,-102
BLE,1676584000660617858,DF:DF:EE:00:00:01,-98
BLE,1676584003872459982,DF:DF:EE:00:00:03,-98
BLE,1676584004658774815,DF:DF:EE:00:00:01,-97
BLE,1676584005875757613,DF:DF:EE:00:00:03,-97
BLE,1676584006659795434,DF:DF:EE:00:00:01,-88
BLE,1676584007867074985,DF:DF:EE:00:00:03,-100
BLE,1676584008869220189,DF:DF:EE:00:00:03,-96
BLE,1676584009876038875,DF:DF:EE:00:00:03,-98
BLE,1676584011874238823,DF:DF:EE:00:00:03,-96
BLE,1676584012655136393,DF:DF:EE:00:00:01,-99
BLE,1676584012868918542,DF:DF:EE:00:00:03,-95
BLE,1676584013874740241,DF:DF:EE:00:00:03,-87
BLE,1676584014658335359,DF:DF:EE:00:00:01,-98
BLE,1676584014867146032,DF:DF:EE:00:00:03,-98
BLE,1676584015660210859,DF:DF:EE:00:00:01,-96
BLE,1676584017662043718,DF:DF:EE:00:00:01,-94
BLE,1676584017871245385,DF:DF:EE:00:00:03,-100
BLE,1676584018660293141,DF:DF:EE:00:00:01,-99
BLE,1676584018872754099,DF:DF:EE:00:00:03,-97
BLE,1676584020868340623,DF:DF:EE:00:00:03,-100
BLE,1676584021664077040,DF:DF:EE:00:00:01,-102
BLE,1676584022875534078,DF:DF:EE:00:00:03,-100
BLE,1676584023876413966,DF:DF:EE:00:00:03,-99
BLE,1676584024659975918,DF:DF:EE:00:00:01,-96
BLE,1676584024874290102,DF:DF:EE:00:00:03,-100
BLE,1676584026664317952,DF:DF:EE:00:00:01,-94
BLE,1676584029873983063,DF:DF:EE:00:00:03,-88
BLE,1676584030870724922,DF:DF:EE:00:00:03,-97
BLE,1676584032656305164,DF:DF:EE:00:00:01,-98
BLE,1676584034659120594,DF:DF:EE:00:00:01,-100
BLE,1676584037868731746,DF:DF:EE:00:00:03,-95
BLE,1676584038875714638,DF:DF:EE:00:00:03,-97
BLE,1676584039655551347,DF:DF:EE:00:00:01,-100
BLE,1676584040166572007,DF:DF:EE:00:00:02,-92
BLE,1676584041868974842,DF:DF:EE:00:00:03,-97
BLE,1676584048866414799,DF:DF:EE:00:00:03,-90
BLE,1676584049661625307,DF:DF:EE:00:00:01,-97
BLE,1676584049874471301,DF:DF:EE:00:00:03,-88
BLE,1676584051664965312,DF:DF:EE:00:00:01,-97
BLE,1676584053661593781,DF:DF:EE:00:00:01,-86
BLE,1676584054657846647,DF:DF:EE:00:00:01,-97
BLE,1676584055665852691,DF:DF:EE:00:00:01,-99
BLE,1676584055869992592,DF:DF:EE:00:00:03,-96
BLE,1676584056663147876,DF:DF:EE:00:00:01,-97
BLE,1676584056873330072,DF:DF:EE:00:00:03,-100
BLE,1676584057662290037,DF:DF:EE:00:00:01,-89
BLE,1676584057872070239,DF:DF:EE:00:00:03,-92
BLE,1676584059873019317,DF:DF:EE:00:00:03,-94
BLE,1676584061872959451,DF:DF:EE:00:00:03,-99
BLE,1676584062662446451,DF:DF:EE:00:00:01,-94
BLE,1676584062870009889,DF:DF:EE:00:00:03,-96
BLE,1676584063660955245,DF:DF:EE:00:00:01,-97
BLE,1676584063872376966,DF:DF:EE:00:00:03,-98
BLE,1676584064870409475,DF:DF:EE:00:00:03,-98
BLE,1676584066871771132,DF:DF:EE:00:00:03,-96
BLE,1676584068658644024,DF:DF:EE:00:00:01,-97
BLE,1676584068867201825,DF:DF:EE:00:00:03,-99
BLE,1676584069662224627,DF:DF:EE:00:00:01,-97
BLE,1676584070867831866,DF:DF:EE:00:00:03,-98
BLE,1676584072659714567,DF:DF:EE:00:00:01,-97
BLE,1676584073655584188,DF:DF:EE:00:00:01,-94
BLE,1676584073873180870,DF:DF:EE:00:00:03,-81
BLE,1676584075873777870,DF:DF:EE:00:00:03,-100
BLE,1676584078660410081,DF:DF:EE:00:00:01,-98
BLE,1676584078867358278,DF:DF:EE:00:00:03,-96
BLE,1676584080665246276,DF:DF:EE:00:00:01,-101
BLE,1676584080869397843,DF:DF:EE:00:00:03,-98
BLE,1676584082665940024,DF:DF:EE:00:00:01,-96
BLE,1676584082699150963,DF:DF:EE:00:00:02,-101
BLE,1676584083659078306,DF:DF:EE:00:00:01,-98
BLE,1676584084870031433,DF:DF:EE:00:00:03,-95
BLE,1676584085864994732,DF:DF:EE:00:00:03,-96
BLE,1676584086660108783,DF:DF:EE:00:00:01,-101
BLE,1676584087867936243,DF:DF:EE:00:00:03,-97
BLE,1676584088867568148,DF:DF:EE:00:00:03,-99
BLE,1676584090663847166,DF:DF:EE:00:00:01,-98
BLE,1676584090865195645,DF:DF:EE:00:00:03,-102
BLE,1676584091869366948,DF:DF:EE:00:00:03,-98
BLE,1676584092662658190,DF:DF:EE:00:00:01,-99
BLE,1676584093869714451,DF:DF:EE:00:00:03,-99
BLE,1676584094660764847,DF:DF:EE:00:00:01,-86
BLE,1676584094865863818,DF:DF:EE:00:00:03,-97
BLE,1676584095656520303,DF:DF:EE:00:00:01,-85
BLE,1676584097871570943,DF:DF:EE:00:00:03,-94
BLE,1676584100655803852,DF:DF:EE:00:00:01,-99
BLE,1676584100867732984,DF:DF:EE:00:00:03,-87
BLE,1676584101659205207,DF:DF:EE:00:00:01,-97
BLE,1676584103657456530,DF:DF:EE:00:00:01,-100
BLE,1676584103864236104,DF:DF:EE:00:00:03,-96
BLE,1676584105866331209,DF:DF:EE:00:00:03,-97
BLE,1676584106366746716,DF:DF:EE:00:00:04,-102
BLE,1676584106658159803,DF:DF:EE:00:00:01,-98
BLE,1676584106869202238,DF:DF:EE:00:00:03,-96
BLE,1676584109661762747,DF:DF:EE:00:00:01,-99
BLE,1676584109870187341,DF:DF:EE:00:00:03,-99
BLE,1676584110655730851,DF:DF:EE:00:00:01,-99
BLE,1676584111874307920,DF:DF:EE:00:00:03,-100
BLE,1676584112657601376,DF:DF:EE:00:00:01,-97
BLE,1676584112865552934,DF:DF:EE:00:00:03,-99
BLE,1676584115868337972,DF:DF:EE:00:00:03,-99
BLE,1676584118658019602,DF:DF:EE:00:00:01,-100
BLE,1676584120654637987,DF:DF:EE:00:00:01,-96
BLE,1676584120871047602,DF:DF:EE:00:00:03,-95
BLE,1676584121663240191,DF:DF:EE:00:00:01,-84
BLE,1676584121869947182,DF:DF:EE:00:00:03,-96
BLE,1676584122244564634,DF:DF:EE:00:00:05,-102
BLE,1676584122657634331,DF:DF:EE:00:00:01,-97
BLE,1676584123657009030,DF:DF:EE:00:00:01,-98
BLE,1676584123866790315,DF:DF:EE:00:00:03,-99
BLE,1676584124663166891,DF:DF:EE:00:00:01,-94
BLE,1676584125656235965,DF:DF:EE:00:00:01,-96
BLE,1676584126655573915,DF:DF:EE:00:00:01,-100
BLE,1676584127663391337,DF:DF:EE:00:00:01,-101
BLE,1676584127870056329,DF:DF:EE:00:00:03,-97
BLE,1676584129661691326,DF:DF:EE:00:00:01,-98
BLE,1676584131866967469,DF:DF:EE:00:00:03,-99
BLE,1676584132865834384,DF:DF:EE:00:00:03,-100
BLE,1676584133662196626,DF:DF:EE:00:00:01,-97
BLE,1676584135870521688,DF:DF:EE:00:00:03,-95
BLE,1676584136664186257,DF:DF:EE:00:00:01,-100
BLE,1676584136868603404,DF:DF:EE:00:00:03,-100
BLE,1676584138871412834,DF:DF:EE:00:00:03,-98
BLE,1676584139864916069,DF:DF:EE:00:00:03,-97
BLE,1676584140861824426,DF:DF:EE:00:00:03,-99
BLE,1676584141438565763,DF:DF:EE:00:00:05,-103
BLE,1676584141863775925,DF:DF:EE:00:00:03,-100
BLE,1676584142659041557,DF:DF:EE:00:00:01,-95
BLE,1676584143658452589,DF:DF:EE:00:00:01,-100
BLE,1676584147658042527,DF:DF:EE:00:00:01,-97
BLE,1676584149663851208,DF:DF:EE:00:00:01,-96
BLE,1676584149865706889,DF:DF:EE:00:00:03,-97
BLE,1676584150656660411,DF:DF:EE:00:00:01,-97
BLE,1676584152659116178,DF:DF:EE:00:00:01,-100
BLE,1676584152863305328,DF:DF:EE:00:00:03,-97
BLE,1676584154658294405,DF:DF:EE:00:00:01,-102
BLE,1676584154865056688,DF:DF:EE:00:00:03,-97
BLE,1676584156659544605,DF:DF:EE:00:00:01,-95
BLE,1676584156868640523,DF:DF:EE:00:00:03,-97
BLE,1676584158867572379,DF:DF:EE:00:00:03,-97
BLE,1676584159868037231,DF:DF:EE:00:00:03,-98
BLE,1676584160662647330,DF:DF:EE:00:00:01,-94
BLE,1676584160868372584,DF:DF:EE:00:00:03,-95
BLE,1676584161653212395,DF:DF:EE:00:00:01,-96
BLE,1676584161866840129,DF:DF:EE:00:00:03,-99
BLE,1676584163655184960,DF:DF:EE:00:00:01,-95
BLE,1676584165659756241,DF:DF:EE:00:00:01,-94
BLE,1676584165867797965,DF:DF:EE:00:00:03,-95
BLE,1676584166655747777,DF:DF:EE:00:00:01,-87
BLE,1676584166866292385,DF:DF:EE:00:00:03,-88
BLE,1676584168655234958,DF:DF:EE:00:00:01,-97
BLE,1676584168869694473,DF:DF:EE:00:00:03,-87
BLE,1676584173864328167,DF:DF:EE:00:00:03,-98
BLE,1676584174659834879,DF:DF:EE:00:00:01,-96
BLE,1676584174863678200,DF:DF:EE:00:00:03,-94
BLE,1676584176161512019,DF:DF:EE:00:00:02,-101
BLE,1676584176861542611,DF:DF:EE:00:00:03,-100
BLE,1676584177860487942,DF:DF:EE:00:00:03,-99
BLE,1676584178854406130,DF:DF:EE:00:00:05,-101
BLE,1676584178869912592,DF:DF:EE:00:00:03,-94
BLE,1676584179868161099,DF:DF:EE:00:00:03,-99
BLE,1676584180661706878,DF:DF:EE:00:00:01,-97
BLE,1676584181654647121,DF:DF:EE:00:00:01,-97
BLE,1676584182659321917,DF:DF:EE:00:00:01,-100
BLE,1676584183658480953,DF:DF:EE:00:00:01,-97
BLE,1676584183870070589,DF:DF:EE:00:00:03,-97
BLE,1676584184663086501,DF:DF:EE:00:00:01,-99
BLE,1676584184863835529,DF:DF:EE:00:00:03,-99
BLE,1676584185657913802,DF:DF:EE:00:00:01,-100
BLE,1676584185869382647,DF:DF:EE:00:00:03,-99
BLE,1676584186658070658,DF:DF:EE:00:00:01,-99
BLE,1676584186865325851,DF:DF:EE:00:00:03,-98
BLE,1676584188696595409,DF:DF:EE:00:00:02,-99
BLE,1676584188870471791,DF:DF:EE:00:00:03,-100
BLE,1676584189655085979,DF:DF:EE:00:00:01,-89
BLE,1676584189863823444,DF:DF:EE:00:00:03,-101
BLE,1676584191653858920,DF:DF:EE:00:00:01,-100
BLE,1676584192161981701,DF:DF:EE:00:00:02,-102
BLE,1676584194661295646,DF:DF:EE:00:00:01,-96
BLE,1676584195870162426,DF:DF:EE:00:00:03,-99
BLE,1676584197653703612,DF:DF:EE:00:00:01,-96
BLE,1676584197861961625,DF:DF:EE:00:00:03,-101
BLE,1676584198862068898,DF:DF:EE:00:00:03,-97
BLE,1676584199654102573,DF:DF:EE:00:00:01,-94
BLE,1676584199867853472,DF:DF:EE:00:00:03,-99
BLE,1676584202659513701,DF:DF:EE:00:00:01,-98
BLE,1676584203862844804,DF:DF:EE:00:00:03,-104
BLE,1676584204156534652,DF:DF:EE:00:00:02,-99
BLE,1676584206664488818,DF:DF:EE:00:00:01,-100
BLE,1676584206868291306,DF:DF:EE:00:00:03,-99
BLE,1676584207656122536,DF:DF:EE:00:00:01,-99
BLE,1676584207860334227,DF:DF:EE:00:00:03,-98
BLE,1676584208653703301,DF:DF:EE:00:00:01,-94
BLE,1676584208869567672,DF:DF:EE:00:00:03,-97
BLE,1676584210864614203,DF:DF:EE:00:00:03,-97
BLE,1676584213656740301,DF:DF:EE:00:00:01,-90
BLE,1676584214655029765,DF:DF:EE:00:00:01,-96
BLE,1676584215652718153,DF:DF:EE:00:00:01,-86
BLE,1676584218660748164,DF:DF:EE:00:00:01,-83
BLE,1676584218864298072,DF:DF:EE:00:00:03,-90
BLE,1676584221660956777,DF:DF:EE:00:00:01,-96
BLE,1676584223654819615,DF:DF:EE:00:00:01,-86
BLE,1676584225656092815,DF:DF:EE:00:00:01,-99
BLE,1676584226652621427,DF:DF:EE:00:00:01,-96
BLE,1676584227862441402,DF:DF:EE:00:00:03,-100
BLE,1676584228867448486,DF:DF:EE:00:00:03,-96
BLE,1676584229663269694,DF:DF:EE:00:00:01,-97
BLE,1676584230655848858,DF:DF:EE:00:00:01,-100
BLE,1676584230867657533,DF:DF:EE:00:00:03,-100
BLE,1676584231658785344,DF:DF:EE:00:00:01,-98
BLE,1676584231861377432,DF:DF:EE:00:00:03,-97
BLE,1676584234656815986,DF:DF:EE:00:00:01,-97
BLE,1676584234863085525,DF:DF:EE:00:00:03,-97
BLE,1676584235863249881,DF:DF:EE:00:00:03,-95
BLE,1676584237657637924,DF:DF:EE:00:00:01,-94
BLE,1676584239867846128,DF:DF:EE:00:00:03,-97
BLE,1676584240868581935,DF:DF:EE:00:00:03,-96
BLE,1676584242662539859,DF:DF:EE:00:00:01,-87
BLE,1676584242857978248,DF:DF:EE:00:00:03,-90
BLE,1676584243859820332,DF:DF:EE:00:00:03,-99
BLE,1676584244660401936,DF:DF:EE:00:00:01,-89
BLE,1676584245657883036,DF:DF:EE:00:00:01,-97
BLE,1676584245861090907,DF:DF:EE:00:00:03,-98
BLE,1676584246657481982,DF:DF:EE:00:00:01,-97
BLE,1676584246858628172,DF:DF:EE:00:00:03,-98
BLE,1676584247653735056,DF:DF:EE:00:00:01,-97
BLE,1676584251653646198,DF:DF:EE:00:00:01,-99
BLE,1676584252660226011,DF:DF:EE:00:00:01,-101
BLE,1676584252861422200,DF:DF:EE:00:00:03,-94
BLE,1676584253858131393,DF:DF:EE:00:00:03,-90
BLE,1676584254865868108,DF:DF:EE:00:00:03,-84
BLE,1676584256658457800,DF:DF:EE:00:00:01,-101
BLE,1676584256859277661,DF:DF:EE:00:00:03,-96
BLE,1676584257659197857,DF:DF:EE:00:00:01,-98
BLE,1676584258655715761,DF:DF:EE:00:00:01,-102
BLE,1676584259654079265,DF:DF:EE:00:00:01,-95
BLE,1676584260865587135,DF:DF:EE:00:00:03,-97
BLE,1676584261861894917,DF:DF:EE:00:00:03,-99
BLE,1676584262661391618,DF:DF:EE:00:00:01,-99
BLE,1676584263659162339,DF:DF:EE:00:00:01,-97
BLE,1676584263794275938,DF:DF:EE:00:00:05,-100
BLE,1676584263857576356,DF:DF:EE:00:00:03,-99
BLE,1676584264161388114,DF:DF:EE:00:00:02,-100
BLE,1676584264660511304,DF:DF:EE:00:00:01,-92
BLE,1676584265655818599,DF:DF:EE:00:00:01,-98
BLE,1676584265691790085,DF:DF:EE:00:00:02,-100
BLE,1676584267655417695,DF:DF:EE:00:00:01,-97
BLE,1676584268656138377,DF:DF:EE:00:00:01,-98
BLE,1676584270653559669,DF:DF:EE:00:00:01,-87
BLE,1676584270860574032,DF:DF:EE:00:00:05,-97
BLE,1676584272662588100,DF:DF:EE:00:00:01,-99
BLE,1676584273657704272,DF:DF:EE:00:00:01,-85
BLE,1676584274661851117,DF:DF:EE:00:00:01,-86
BLE,1676584274858332452,DF:DF:EE:00:00:03,-99
BLE,1676584274910537557,DF:DF:EE:00:00:05,-97
BLE,1676584276655925536,DF:DF:EE:00:00:01,-100
BLE,1676584276861044174,DF:DF:EE:00:00:03,-95
BLE,1676584277653457968,DF:DF:EE:00:00:01,-89
BLE,1676584277946719698,DF:DF:EE:00:00:05,-90
BLE,1676584278656571661,DF:DF:EE:00:00:01,-82
BLE,1676584278864651884,DF:DF:EE:00:00:03,-91
BLE,1676584279863571173,DF:DF:EE:00:00:03,-98
BLE,1676584279972973527,DF:DF:EE:00:00:05,-89
BLE,1676584280657512031,DF:DF:EE:00:00:01,-92
BLE,1676584280986725204,DF:DF:EE:00:00:05,-102
BLE,1676584281153010561,DF:DF:EE:00:00:02,-102
BLE,1676584281693480166,DF:DF:EE:00:00:02,-100
BLE,1676584282658336486,DF:DF:EE:00:00:01,-101
BLE,1676584282865682386,DF:DF:EE:00:00:03,-86
BLE,1676584283004225274,DF:DF:EE:00:00:05,-91
BLE,1676584283861769546,DF:DF:EE:00:00:03,-86
BLE,1676584285029232703,DF:DF:EE:00:00:05,-102
BLE,1676584285855956797,DF:DF:EE:00:00:03,-99
BLE,1676584286655535455,DF:DF:EE:00:00:01,-97
BLE,1676584287659680259,DF:DF:EE:00:00:01,-96
BLE,1676584287863037920,DF:DF:EE:00:00:03,-97
BLE,1676584289654881038,DF:DF:EE:00:00:01,-99
BLE,1676584290856506663,DF:DF:EE:00:00:03,-97
BLE,1676584291659750774,DF:DF:EE:00:00:01,-94
BLE,1676584292856128843,DF:DF:EE:00:00:03,-96
BLE,1676584293658653462,DF:DF:EE:00:00:01,-92
BLE,1676584294860427002,DF:DF:EE:00:00:03,-94
BLE,1676584295657250322,DF:DF:EE:00:00:01,-97
BLE,1676584297858365812,DF:DF:EE:00:00:03,-98
BLE,1676584298865373994,DF:DF:EE:00:00:03,-98
BLE,1676584299653493429,DF:DF:EE:00:00:01,-99
BLE,1676584300660011993,DF:DF:EE:00:00:01,-93
BLE,1676584301151859779,DF:DF:EE:00:00:02,-99
BLE,1676584301864020920,DF:DF:EE:00:00:03,-98
BLE,1676584303153998384,DF:DF:EE:00:00:02,-101
BLE,1676584303651438638,DF:DF:EE:00:00:01,-95
BLE,1676584303863212313,DF:DF:EE:00:00:03,-97
BLE,1676584305699333100,DF:DF:EE:00:00:02,-102
BLE,1676584305859441204,DF:DF:EE:00:00:03,-98
BLE,1676584307658697641,DF:DF:EE:00:00:01,-98
BLE,1676584307865240094,DF:DF:EE:00:00:03,-95
BLE,1676584308653652524,DF:DF:EE:00:00:01,-96
BLE,1676584311660018676,DF:DF:EE:00:00:01,-94
BLE,1676584312655878242,DF:DF:EE:00:00:01,-101
BLE,1676584312858567384,DF:DF:EE:00:00:03,-98
BLE,1676584315658734366,DF:DF:EE:00:00:01,-95
BLE,1676584315859355368,DF:DF:EE:00:00:03,-86
BLE,1676584321653560839,DF:DF:EE:00:00:01,-100
BLE,1676584324860799375,DF:DF:EE:00:00:03,-99
BLE,1676584325655324864,DF:DF:EE:00:00:01,-98
BLE,1676584326863970649,DF:DF:EE:00:00:03,-97
BLE,1676584329660481803,DF:DF:EE:00:00:01,-96
BLE,1676584330654857055,DF:DF:EE:00:00:01,-99
BLE,1676584331857215922,DF:DF:EE:00:00:03,-96
BLE,1676584336856974986,DF:DF:EE:00:00:03,-93
BLE,1676584338858394491,DF:DF:EE:00:00:03,-96
BLE,1676584341654693440,DF:DF:EE:00:00:01,-100
BLE,1676584342859232570,DF:DF:EE:00:00:03,-97
BLE,1676584343658650287,DF:DF:EE:00:00:01,-98
BLE,1676584350854448187,DF:DF:EE:00:00:03,-101
BLE,1676584351654500771,DF:DF:EE:00:00:01,-96
BLE,1676584355650983324,DF:DF:EE:00:00:01,-95
BLE,1676584357654106349,DF:DF:EE:00:00:01,-99
BLE,1676584358855110317,DF:DF:EE:00:00:03,-102
BLE,1676584359654105248,DF:DF:EE:00:00:01,-97
BLE,1676584364656312988,DF:DF:EE:00:00:01,-98
BLE,1676584365858856810,DF:DF:EE:00:00:03,-102
BLE,1676584366653540256,DF:DF:EE:00:00:01,-97
BLE,1676584368656599282,DF:DF:EE:00:00:01,-99
BLE,1676584371653404902,DF:DF:EE:00:00:01,-97
BLE,1676584373655494982,DF:DF:EE:00:00:01,-97
BLE,1676584373852342367,DF:DF:EE:00:00:03,-89
BLE,1676584373978788506,DF:DF:EE:00:00:05,-96
BLE,1676584377653464848,DF:DF:EE:00:00:01,-97
BLE,1676584378652783911,DF:DF:EE:00:00:01,-95
BLE,1676584379657854106,DF:DF:EE:00:00:01,-98
BLE,1676584380655988976,DF:DF:EE:00:00:01,-96
BLE,1676584382650912275,DF:DF:EE:00:00:01,-95
BLE,1676584384652726650,DF:DF:EE:00:00:01,-101
BLE,1676584385653446236,DF:DF:EE:00:00:01,-88
BLE,1676584387856507231,DF:DF:EE:00:00:03,-99
BLE,1676584388659777815,DF:DF:EE:00:00:01,-93
BLE,1676584389656435620,DF:DF:EE:00:00:01,-98
BLE,1676584391650209518,DF:DF:EE:00:00:01,-95
BLE,1676584393654861189,DF:DF:EE:00:00:01,-96
BLE,1676584393861547904,DF:DF:EE:00:00:03,-101
BLE,1676584395656481317,DF:DF:EE:00:00:01,-101
BLE,1676584398860678184,DF:DF:EE:00:00:03,-101
BLE,1676584400851856032,DF:DF:EE:00:00:03,-97
BLE,1676584401657164630,DF:DF:EE:00:00:01,-99
BLE,1676584402654340638,DF:DF:EE:00:00:01,-96
BLE,1676584406657987222,DF:DF:EE:00:00:01,-92
BLE,1676584407657441408,DF:DF:EE:00:00:01,-95
BLE,1676584409659244616,DF:DF:EE:00:00:01,-92
BLE,1676584410853364133,DF:DF:EE:00:00:03,-87
BLE,1676584411655128319,DF:DF:EE:00:00:01,-97
BLE,1676584413654592434,DF:DF:EE:00:00:01,-95
BLE,1676584414654565696,DF:DF:EE:00:00:01,-96
BLE,1676584414856928926,DF:DF:EE:00:00:03,-100
BLE,1676584415657216548,DF:DF:EE:00:00:01,-95
BLE,1676584416650250818,DF:DF:EE:00:00:01,-97
BLE,1676584418651919279,DF:DF:EE:00:00:01,-96
BLE,1676584419657136723,DF:DF:EE:00:00:01,-99
BLE,1676584420652491754,DF:DF:EE:00:00:01,-92
BLE,1676584420854131576,DF:DF:EE:00:00:03,-97
BLE,1676584421858227327,DF:DF:EE:00:00:03,-98
BLE,1676584422653160769,DF:DF:EE:00:00:01,-92
BLE,1676584422855443583,DF:DF:EE:00:00:03,-98
BLE,1676584423528530160,DF:DF:EE:00:00:05,-101
BLE,1676584423850960904,DF:DF:EE:00:00:03,-97
BLE,1676584424858080823,DF:DF:EE:00:00:03,-99
BLE,1676584425658606567,DF:DF:EE:00:00:01,-101
BLE,1676584425690807688,DF:DF:EE:00:00:02,-102
BLE,1676584427649602126,DF:DF:EE:00:00:01,-98
BLE,1676584427697335335,DF:DF:EE:00:00:02,-96
BLE,1676584427860087208,DF:DF:EE:00:00:03,-95
BLE,1676584428852613859,DF:DF:EE:00:00:03,-97
BLE,1676584430658520254,DF:DF:EE:00:00:01,-98
BLE,1676584430852242596,DF:DF:EE:00:00:03,-93
BLE,1676584433656133196,DF:DF:EE:00:00:01,-94
BLE,1676584433853692989,DF:DF:EE:00:00:03,-85
BLE,1676584434654337023,DF:DF:EE:00:00:01,-90
BLE,1676584435858199329,DF:DF:EE:00:00:03,-99
BLE,1676584437852451136,DF:DF:EE:00:00:03,-99
BLE,1676584438651148655,DF:DF:EE:00:00:01,-95
BLE,1676584438697404342,DF:DF:EE:00:00:02,-101
BLE,1676584439149502266,DF:DF:EE:00:00:02,-99
BLE,1676584439858046129,DF:DF:EE:00:00:03,-99
BLE,1676584440854458396,DF:DF:EE:00:00:03,-101
BLE,1676584441653483452,DF:DF:EE:00:00:01,-98
BLE,1676584441692443984,DF:DF:EE:00:00:02,-97
BLE,1676584442652203231,DF:DF:EE:00:00:01,-97
BLE,1676584443153289181,DF:DF:EE:00:00:02,-101
BLE,1676584445656538044,DF:DF:EE:00:00:01,-85
BLE,1676584445693339104,DF:DF:EE:00:00:02,-100
BLE,1676584446650715382,DF:DF:EE:00:00:01,-97
BLE,1676584446852558660,DF:DF:EE:00:00:03,-98
BLE,1676584447656935604,DF:DF:EE:00:00:01,-97
BLE,1676584447851780891,DF:DF:EE:00:00:03,-99
BLE,1676584448656159501,DF:DF:EE:00:00:01,-100
BLE,1676584448854063665,DF:DF:EE:00:00:03,-103
BLE,1676584449853156730,DF:DF:EE:00:00:03,-102
BLE,1676584453656432016,DF:DF:EE:00:00:01,-96
BLE,1676584454652177876,DF:DF:EE:00:00:01,-98
BLE,1676584455853446799,DF:DF:EE:00:00:03,-98
BLE,1676584459849777478,DF:DF:EE:00:00:03,-102
BLE,1676584460656037772,DF:DF:EE:00:00:01,-96
BLE,1676584461658444295,DF:DF:EE:00:00:01,-100
BLE,1676584462849872013,DF:DF:EE:00:00:03,-100
BLE,1676584463651715657,DF:DF:EE:00:00:01,-89
BLE,1676584467658055955,DF:DF:EE:00:00:01,-96
BLE,1676584467850986434,DF:DF:EE:00:00:03,-95
BLE,1676584469656546791,DF:DF:EE:00:00:01,-100
BLE,1676584469851784197,DF:DF:EE:00:00:03,-100
BLE,1676584473853430891,DF:DF:EE:00:00:03,-97
BLE,1676584474655294867,DF:DF:EE:00:00:01,-97
BLE,1676584475859459378,DF:DF:EE:00:00:03,-100
BLE,1676584476651692272,DF:DF:EE:00:00:01,-100
BLE,1676584476850048721,DF:DF:EE:00:00:03,-102
BLE,1676584478652009000,DF:DF:EE:00:00:01,-100
BLE,1676584479655158929,DF:DF:EE:00:00:01,-89
BLE,1676584480849593108,DF:DF:EE:00:00:03,-95
BLE,1676584481652649528,DF:DF:EE:00:00:01,-98
BLE,1676584482652636165,DF:DF:EE:00:00:01,-97
BLE,1676584482856360086,DF:DF:EE:00:00:03,-98
BLE,1676584485654761382,DF:DF:EE:00:00:01,-94
BLE,1676584485856975364,DF:DF:EE:00:00:03,-101
BLE,1676584486652065929,DF:DF:EE:00:00:01,-102
BLE,1676584486853687669,DF:DF:EE:00:00:03,-96
BLE,1676584487849112407,DF:DF:EE:00:00:03,-98
BLE,1676584488652655279,DF:DF:EE:00:00:01,-85
BLE,1676584488857857680,DF:DF:EE:00:00:03,-85
BLE,1676584490651981562,DF:DF:EE:00:00:01,-85
BLE,1676584492654123725,DF:DF:EE:00:00:01,-95
BLE,1676584492850645531,DF:DF:EE:00:00:03,-99
BLE,1676584493650909904,DF:DF:EE:00:00:01,-100
BLE,1676584495851948758,DF:DF:EE:00:00:03,-100
BLE,1676584496852228767,DF:DF:EE:00:00:03,-99
BLE,1676584497650333126,DF:DF:EE:00:00:01,-97
BLE,1676584497696133319,DF:DF:EE:00:00:02,-104
BLE,1676584498854785424,DF:DF:EE:00:00:03,-100
BLE,1676584499659070244,DF:DF:EE:00:00:01,-98
BLE,1676584499850333703,DF:DF:EE:00:00:03,-100
BLE,1676584500649904043,DF:DF:EE:00:00:01,-99
BLE,1676584500852344313,DF:DF:EE:00:00:03,-94
BLE,1676584501697115271,DF:DF:EE:00:00:02,-100
BLE,1676584502849880411,DF:DF:EE:00:00:03,-100
BLE,1676584503655186510,DF:DF:EE:00:00:01,-95
BLE,1676584503854750610,DF:DF:EE:00:00:03,-100
BLE,1676584504653259755,DF:DF:EE:00:00:01,-95
BLE,1676584504854086714,DF:DF:EE:00:00:03,-94
BLE,1676584505654629166,DF:DF:EE:00:00:01,-95
BLE,1676584506857406486,DF:DF:EE:00:00:03,-95
BLE,1676584507856095349,DF:DF:EE:00:00:03,-99
BLE,1676584508657385000,DF:DF:EE:00:00:01,-99
BLE,1676584509659181822,DF:DF:EE:00:00:01,-96
BLE,1676584509853159619,DF:DF:EE:00:00:03,-97
BLE,1676584511655154398,DF:DF:EE:00:00:01,-100
BLE,1676584511854962995,DF:DF:EE:00:00:03,-92
BLE,1676584512655390032,DF:DF:EE:00:00:01,-96
BLE,1676584512850494482,DF:DF:EE:00:00:03,-100
BLE,1676584513857235323,DF:DF:EE:00:00:03,-82
BLE,1676584515656220433,DF:DF:EE:00:00:01,-99
BLE,1676584515854946168,DF:DF:EE:00:00:03,-99
BLE,1676584516854509978,DF:DF:EE:00:00:03,-99
BLE,1676584517850706415,DF:DF:EE:00:00:03,-101
BLE,1676584518650445544,DF:DF:EE:00:00:01,-101
BLE,1676584518851129796,DF:DF:EE:00:00:03,-94
BLE,1676584519655294076,DF:DF:EE:00:00:01,-95
BLE,1676584520657581225,DF:DF:EE:00:00:01,-101
BLE,1676584520855062810,DF:DF:EE:00:00:03,-95
BLE,1676584521652866465,DF:DF:EE:00:00:01,-100
BLE,1676584522854528758,DF:DF:EE:00:00:03,-93
BLE,1676584523657691426,DF:DF:EE:00:00:01,-96
BLE,1676584523854055651,DF:DF:EE:00:00:03,-100
BLE,1676584524650277327,DF:DF:EE:00:00:01,-95
BLE,1676584525851379877,DF:DF:EE:00:00:03,-94
BLE,1676584526657658088,DF:DF:EE:00:00:01,-99
BLE,1676584526854132978,DF:DF:EE:00:00:03,-96
BLE,1676584527355899253,DF:DF:EE:00:00:04,-100
BLE,1676584527659008291,DF:DF:EE:00:00:01,-99
BLE,1676584527853340751,DF:DF:EE:00:00:03,-92
BLE,1676584528348412946,DF:DF:EE:00:00:04,-102
BLE,1676584529855265333,DF:DF:EE:00:00:03,-98
BLE,1676584530657422764,DF:DF:EE:00:00:01,-93
BLE,1676584532855524574,DF:DF:EE:00:00:03,-97
BLE,1676584533652631280,DF:DF:EE:00:00:01,-96
BLE,1676584534849103807,DF:DF:EE:00:00:03,-85
BLE,1676584535657282368,DF:DF:EE:00:00:01,-99
BLE,1676584535849190776,DF:DF:EE:00:00:03,-96
BLE,1676584536854253555,DF:DF:EE:00:00:03,-95
BLE,1676584537850718489,DF:DF:EE:00:00:03,-99
BLE,1676584538651369856,DF:DF:EE:00:00:01,-99
BLE,1676584540650203437,DF:DF:EE:00:00:01,-98
BLE,1676584540850532027,DF:DF:EE:00:00:03,-97
BLE,1676584541854884441,DF:DF:EE:00:00:03,-96
BLE,1676584542852974894,DF:DF:EE:00:00:03,-98
BLE,1676584543855451291,DF:DF:EE:00:00:03,-97
BLE,1676584544850504992,DF:DF:EE:00:00:03,-98
BLE,1676584548851673400,DF:DF:EE:00:00:03,-95
BLE,1676584549648521610,DF:DF:EE:00:00:01,-97
BLE,1676584550856612068,DF:DF:EE:00:00:03,-98
BLE,1676584551153213816,DF:DF:EE:00:00:02,-98
BLE,1676584552849363854,DF:DF:EE:00:00:03,-96
BLE,1676584554656904643,DF:DF:EE:00:00:01,-81
BLE,1676584554850484196,DF:DF:EE:00:00:03,-99
BLE,1676584557653457308,DF:DF:EE:00:00:01,-96
BLE,1676584557846402661,DF:DF:EE:00:00:03,-97
BLE,1676584559846684390,DF:DF:EE:00:00:03,-100
BLE,1676584560154589157,DF:DF:EE:00:00:02,-104
BLE,1676584561656917853,DF:DF:EE:00:00:01,-88
BLE,1676584563657701908,DF:DF:EE:00:00:01,-84
BLE,1676584565658963499,DF:DF:EE:00:00:01,-96
BLE,1676584565854123740,DF:DF:EE:00:00:03,-95
BLE,1676584566845328575,DF:DF:EE:00:00:03,-94
BLE,1676584567657068715,DF:DF:EE:00:00:01,-102
BLE,1676584568653005155,DF:DF:EE:00:00:01,-95
BLE,1676584569656578662,DF:DF:EE:00:00:01,-100
BLE,1676584570853403768,DF:DF:EE:00:00:03,-97
BLE,1676584571655953111,DF:DF:EE:00:00:01,-97
BLE,1676584573852125945,DF:DF:EE:00:00:03,-100
BLE,1676584574658651445,DF:DF:EE:00:00:01,-98
BLE,1676584575850948735,DF:DF:EE:00:00:03,-95
BLE,1676584576653412412,DF:DF:EE:00:00:01,-97
BLE,1676584577851508377,DF:DF:EE:00:00:03,-95
BLE,1676584579654980928,DF:DF:EE:00:00:01,-98
BLE,1676584580651068450,DF:DF:EE:00:00:01,-96
BLE,1676584580850447927,DF:DF:EE:00:00:03,-97
BLE,1676584581649402108,DF:DF:EE:00:00:01,-96
BLE,1676584583659056215,DF:DF:EE:00:00:01,-97
BLE,1676584584851440462,DF:DF:EE:00:00:03,-96
BLE,1676584586853682207,DF:DF:EE:00:00:03,-97
BLE,1676584587845617991,DF:DF:EE:00:00:03,-96
BLE,1676584588651709371,DF:DF:EE:00:00:01,-102
BLE,1676584589845751472,DF:DF:EE:00:00:03,-99
BLE,1676584590652104765,DF:DF:EE:00:00:01,-101
BLE,1676584595850506857,DF:DF:EE:00:00:03,-101
BLE,1676584597658383309,DF:DF:EE:00:00:01,-100
BLE,1676584597849046900,DF:DF:EE:00:00:03,-97
BLE,1676584601853505181,DF:DF:EE:00:00:03,-97
BLE,1676584602844345980,DF:DF:EE:00:00:03,-101
BLE,1676584604851473577,DF:DF:EE:00:00:03,-100
BLE,1676584605847811471,DF:DF:EE:00:00:03,-100
BLE,1676584607150525609,DF:DF:EE:00:00:02,-90
BLE,1676584607556751549,DF:DF:EE:00:00:05,-100
BLE,1676584608569246023,DF:DF:EE:00:00:05,-99
BLE,1676584608656046930,DF:DF:EE:00:00:01,-95
BLE,1676584609649186032,DF:DF:EE:00:00:01,-95
BLE,1676584610592957821,DF:DF:EE:00:00:05,-103
BLE,1676584611605535960,DF:DF:EE:00:00:05,-102
BLE,1676584613655525622,DF:DF:EE:00:00:01,-83
BLE,1676584614848753275,DF:DF:EE:00:00:03,-88
BLE,1676584615658505316,DF:DF:EE:00:00:01,-93
BLE,1676584615852035536,DF:DF:EE:00:00:03,-96
BLE,1676584616651266839,DF:DF:EE:00:00:01,-100
BLE,1676584616848418929,DF:DF:EE:00:00:03,-96
BLE,1676584618845479324,DF:DF:EE:00:00:03,-96
BLE,1676584619651566038,DF:DF:EE:00:00:01,-100
BLE,1676584620851819307,DF:DF:EE:00:00:03,-94
BLE,1676584621845978021,DF:DF:EE:00:00:03,-92
BLE,1676584624655074635,DF:DF:EE:00:00:01,-88
BLE,1676584624846849004,DF:DF:EE:00:00:03,-95
BLE,1676584625844474505,DF:DF:EE:00:00:03,-96
BLE,1676584626658187202,DF:DF:EE:00:00:01,-99
BLE,1676584629851466837,DF:DF:EE:00:00:03,-97
BLE,1676584631846936712,DF:DF:EE:00:00:03,-97
BLE,1676584632849198861,DF:DF:EE:00:00:03,-98
BLE,1676584633654269421,DF:DF:EE:00:00:01,-95
BLE,1676584635844137963,DF:DF:EE:00:00:03,-99
BLE,1676584636844793759,DF:DF:EE:00:00:03,-96
BLE,1676584637655755408,DF:DF:EE:00:00:01,-95
BLE,1676584637694043949,DF:DF:EE:00:00:02,-102
BLE,1676584638852411933,DF:DF:EE:00:00:03,-96
BLE,1676584639843366480,DF:DF:EE:00:00:03,-97
BLE,1676584640651566124,DF:DF:EE:00:00:01,-96
BLE,1676584640843583364,DF:DF:EE:00:00:03,-96
BLE,1676584641653364863,DF:DF:EE:00:00:01,-100
BLE,1676584641848300815,DF:DF:EE:00:00:03,-98
BLE,1676584645650688487,DF:DF:EE:00:00:01,-88
BLE,1676584647654004343,DF:DF:EE:00:00:01,-101
BLE,1676584649656990953,DF:DF:EE:00:00:01,-100
BLE,1676584649849946223,DF:DF:EE:00:00:03,-102
BLE,1676584651655793785,DF:DF:EE:00:00:01,-97
BLE,1676584655844239120,DF:DF:EE:00:00:03,-98
BLE,1676584656655323601,DF:DF:EE:00:00:01,-101
BLE,1676584656844347297,DF:DF:EE:00:00:03,-100
BLE,1676584657649730561,DF:DF:EE:00:00:01,-101
BLE,1676584657846281409,DF:DF:EE:00:00:03,-98
BLE,1676584659845146031,DF:DF:EE:00:00:03,-99
BLE,1676584660849707983,DF:DF:EE:00:00:03,-96
BLE,1676584661852391960,DF:DF:EE:00:00:03,-98
BLE,1676584662656858195,DF:DF:EE:00:00:01,-97
BLE,1676584663653036049,DF:DF:EE:00:00:01,-96
BLE,1676584663845763446,DF:DF:EE:00:00:03,-96
BLE,1676584666652783046,DF:DF:EE:00:00:01,-99
BLE,1676584668848819800,DF:DF:EE:00:00:03,-98
BLE,1676584669656077206,DF:DF:EE:00:00:01,-96
BLE,1676584670649596136,DF:DF:EE:00:00:01,-96
BLE,1676584670848365538,DF:DF:EE:00:00:03,-97
BLE,1676584674655479607,DF:DF:EE:00:00:01,-85
BLE,1676584674843114655,DF:DF:EE:00:00:03,-87
BLE,1676584675843460829,DF:DF:EE:00:00:03,-95
BLE,1676584676656192414,DF:DF:EE:00:00:01,-98
BLE,1676584676849788550,DF:DF:EE:00:00:03,-95
BLE,1676584677847760880,DF:DF:EE:00:00:03,-98
BLE,1676584679844648112,DF:DF:EE:00:00:03,-93
BLE,1676584680847688542,DF:DF:EE:00:00:03,-96
BLE,1676584681157548867,DF:DF:EE:00:00:02,-101
BLE,1676584681448159485,DF:DF:EE:00:00:05,-104
BLE,1676584681652200776,DF:DF:EE:00:00:01,-94
BLE,1676584681850464976,DF:DF:EE:00:00:03,-95
BLE,1676584682845108225,DF:DF:EE:00:00:03,-84
BLE,1676584683654049985,DF:DF:EE:00:00:01,-85
BLE,1676584684844217136,DF:DF:EE:00:00:03,-85
BLE,1676584685655388325,DF:DF:EE:00:00:01,-101
BLE,1676584686851061487,DF:DF:EE:00:00:03,-96
BLE,1676584688843997312,DF:DF:EE:00:00:03,-94
BLE,1676584690842614896,DF:DF:EE:00:00:03,-98
BLE,1676584691841871126,DF:DF:EE:00:00:03,-97
BLE,1676584692655112912,DF:DF:EE:00:00:01,-96
BLE,1676584692846760199,DF:DF:EE:00:00:03,-99
BLE,1676584693845076775,DF:DF:EE:00:00:03,-95
BLE,1676584694848666782,DF:DF:EE:00:00:03,-94
BLE,1676584695841956881,DF:DF:EE:00:00:03,-93
BLE,1676584697649572587,DF:DF:EE:00:00:01,-102
BLE,1676584697850098966,DF:DF:EE:00:00:03,-97
BLE,1676584698842544160,DF:DF:EE:00:00:03,-97
BLE,1676584700848084945,DF:DF:EE:00:00:03,-86
BLE,1676584701652359307,DF:DF:EE:00:00:01,-98
BLE,1676584701668279974,DF:DF:EE:00:00:05,-102
BLE,1676584701845203869,DF:DF:EE:00:00:03,-95
BLE,1676584702848865167,DF:DF:EE:00:00:03,-99
BLE,1676584703653634023,DF:DF:EE:00:00:01,-91
BLE,1676584703841993269,DF:DF:EE:00:00:03,-100
BLE,1676584704148829966,DF:DF:EE:00:00:02,-98
BLE,1676584704841831533,DF:DF:EE:00:00:03,-96
BLE,1676584705881215655,DF:DF:EE:00:00:04,-100
BLE,1676584707842026150,DF:DF:EE:00:00:03,-95
BLE,1676584709879104773,DF:DF:EE:00:00:04,-103
BLE,1676584711839846977,DF:DF:EE:00:00:03,-96
BLE,1676584712648237160,DF:DF:EE:00:00:01,-99
BLE,1676584713840105122,DF:DF:EE:00:00:03,-97
BLE,1676584714656273787,DF:DF:EE:00:00:01,-91
BLE,1676584716845700127,DF:DF:EE:00:00:03,-98
BLE,1676584718846743762,DF:DF:EE:00:00:03,-100
BLE,1676584719848321504,DF:DF:EE:00:00:03,-98
BLE,1676584722651984231,DF:DF:EE:00:00:01,-85
BLE,1676584723652617360,DF:DF:EE:00:00:01,-99
BLE,1676584723847271316,DF:DF:EE:00:00:03,-100
BLE,1676584725655049602,DF:DF:EE:00:00:01,-96
BLE,1676584725689664275,DF:DF:EE:00:00:02,-100
BLE,1676584726844611428,DF:DF:EE:00:00:03,-98
BLE,1676584727646100660,DF:DF:EE:00:00:01,-96
BLE,1676584728656539952,DF:DF:EE:00:00:01,-95
BLE,1676584729653749626,DF:DF:EE:00:00:01,-96
BLE,1676584732655996508,DF:DF:EE:00:00:01,-98
BLE,1676584732844804456,DF:DF:EE:00:00:03,-98
BLE,1676584733649188400,DF:DF:EE:00:00:01,-93
BLE,1676584733846475780,DF:DF:EE:00:00:03,-100
BLE,1676584735653403828,DF:DF:EE:00:00:01,-97
BLE,1676584736847062517,DF:DF:EE:00:00:03,-97
BLE,1676584737847513565,DF:DF:EE:00:00:03,-96
BLE,1676584739655176061,DF:DF:EE:00:00:01,-95
BLE,1676584740842474000,DF:DF:EE:00:00:03,-99
BLE,1676584741841118488,DF:DF:EE:00:00:03,-98
BLE,1676584743646400307,DF:DF:EE:00:00:01,-100
BLE,1676584745648791717,DF:DF:EE:00:00:01,-99
BLE,1676584745846294677,DF:DF:EE:00:00:03,-100
BLE,1676584746652288725,DF:DF:EE:00:00:01,-97
BLE,1676584746839280697,DF:DF:EE:00:00:03,-102
BLE,1676584747648814074,DF:DF:EE:00:00:01,-100
BLE,1676584747847569434,DF:DF:EE:00:00:03,-82
BLE,1676584748841330945,DF:DF:EE:00:00:03,-96
BLE,1676584750650080177,DF:DF:EE:00:00:01,-99
BLE,1676584751651262798,DF:DF:EE:00:00:01,-98
BLE,1676584752651546932,DF:DF:EE:00:00:01,-101
BLE,1676584755846896581,DF:DF:EE:00:00:03,-97
BLE,1676584756846693596,DF:DF:EE:00:00:03,-100
BLE,1676584758840224454,DF:DF:EE:00:00:03,-101
BLE,1676584759337614245,DF:DF:EE:00:00:05,-104
BLE,1676584760648695315,DF:DF:EE:00:00:01,-97
BLE,1676584760841738542,DF:DF:EE:00:00:03,-98
BLE,1676584762845416518,DF:DF:EE:00:00:03,-97
BLE,1676584763838997114,DF:DF:EE:00:00:03,-100
BLE,1676584764654468413,DF:DF:EE:00:00:01,-98
BLE,1676584765646791401,DF:DF:EE:00:00:01,-99
BLE,1676584765848335808,DF:DF:EE:00:00:03,-100
BLE,1676584766650517781,DF:DF:EE:00:00:01,-98
BLE,1676584766844350289,DF:DF:EE:00:00:03,-97
BLE,1676584767844737879,DF:DF:EE:00:00:03,-97
BLE,1676584768840373740,DF:DF:EE:00:00:03,-88
BLE,1676584769845634766,DF:DF:EE:00:00:03,-88
BLE,1676584771652761186,DF:DF:EE:00:00:01,-99
BLE,1676584773656983864,DF:DF:EE:00:00:01,-98
BLE,1676584775843553824,DF:DF:EE:00:00:03,-86
BLE,1676584776843993664,DF:DF:EE:00:00:03,-96
BLE,1676584777841313877,DF:DF:EE:00:00:03,-101
BLE,1676584778648293121,DF:DF:EE:00:00:01,-98
BLE,1676584778838901921,DF:DF:EE:00:00:03,-99
BLE,1676584779844279654,DF:DF:EE:00:00:03,-98
BLE,1676584780649556712,DF:DF:EE:00:00:01,-97
BLE,1676584782656990597,DF:DF:EE:00:00:01,-97
BLE,1676584783647161738,DF:DF:EE:00:00:01,-97
BLE,1676584783837979827,DF:DF:EE:00:00:03,-96
BLE,1676584785842341210,DF:DF:EE:00:00:03,-99
BLE,1676584786646084913,DF:DF:EE:00:00:01,-100
BLE,1676584787650818988,DF:DF:EE:00:00:01,-97
BLE,1676584788646691137,DF:DF:EE:00:00:01,-97
BLE,1676584788844088682,DF:DF:EE:00:00:03,-99
BLE,1676584790651980884,DF:DF:EE:00:00:01,-86
BLE,1676584791647558620,DF:DF:EE:00:00:01,-89
BLE,1676584791667732690,DF:DF:EE:00:00:05,-104
BLE,1676584791845395451,DF:DF:EE:00:00:03,-86
BLE,1676584792649830353,DF:DF:EE:00:00:01,-101
BLE,1676584792838514303,DF:DF:EE:00:00:03,-100
BLE,1676584793651138764,DF:DF:EE:00:00:01,-98
BLE,1676584793844601360,DF:DF:EE:00:00:03,-100
BLE,1676584794653579953,DF:DF:EE:00:00:01,-93
BLE,1676584795842526662,DF:DF:EE:00:00:03,-97
BLE,1676584796649840859,DF:DF:EE:00:00:01,-96
BLE,1676584797839323894,DF:DF:EE:00:00:03,-102
BLE,1676584798649992048,DF:DF:EE:00:00:01,-95
BLE,1676584799842084466,DF:DF:EE:00:00:03,-98